case_id,dv,set,family,index,cell_id,level_id,rep,spawn_key,r_seed,split,shard,nbar,mu,s,mu1,mu2,s2,rho,tau,gamma,sigma2,sp,kappa,sigma,sigma1,lam_p,R,beta,mu_log,s_abs,grid_M,delta_tilde,tau_K,tau_K2,prior_tries,n,pattern_tries,sampler,buffer,n_parents,pad_P,min_eig,cftp_start,mh_steps,burnin,wall_s,sha1
dv3-B-lgcp-320300,3,B,lgcp,320300,32,,300,3:2:5:320300,,test,23,500.0,,,,,,,,,0.5855644493283118,0.6,,,,,,,5.921825873758036,0.026832815729997475,256,1.9999999999999996,0.956010490548479,,1,500,1,exact,,,2,0.00020517810720758746,,,,0.015800458000740036,ab1455551d9f43556f7d8e49a067434271fc37aa
dv3-B-lgcp-320301,3,B,lgcp,320301,32,,301,3:2:5:320301,,test,23,500.0,,,,,,,,,0.5855644493283118,0.6,,,,,,,5.921825873758036,0.026832815729997475,256,1.9999999999999996,0.956010490548479,,1,572,1,exact,,,2,0.00020517810720758746,,,,0.01740320899989456,39b84d4e9cd778867f767761bbab2e3792e97427
dv3-B-lgcp-320302,3,B,lgcp,320302,32,,302,3:2:5:320302,,test,23,500.0,,,,,,,,,0.5855644493283118,0.6,,,,,,,5.921825873758036,0.026832815729997475,256,1.9999999999999996,0.956010490548479,,1,511,1,exact,,,2,0.00020517810720758746,,,,0.021225915999821154,614dce46b8a468cdd38e72d95210ace2f492ceb4
dv3-B-lgcp-320303,3,B,lgcp,320303,32,,303,3:2:5:320303,,test,23,500.0,,,,,,,,,0.5855644493283118,0.6,,,,,,,5.921825873758036,0.026832815729997475,256,1.9999999999999996,0.956010490548479,,1,471,1,exact,,,2,0.00020517810720758746,,,,0.02258866699776263,eb1184c8a60f27e7a53ddb0e2389b63463d15677
dv3-B-lgcp-320304,3,B,lgcp,320304,32,,304,3:2:5:320304,,test,23,500.0,,,,,,,,,0.5855644493283118,0.6,,,,,,,5.921825873758036,0.026832815729997475,256,1.9999999999999996,0.956010490548479,,1,480,1,exact,,,2,0.00020517810720758746,,,,0.017945124996913364,2de5c26c72d09e2e57e87d0216e4cea706766078
dv3-B-lgcp-320305,3,B,lgcp,320305,32,,305,3:2:5:320305,,test,23,500.0,,,,,,,,,0.5855644493283118,0.6,,,,,,,5.921825873758036,0.026832815729997475,256,1.9999999999999996,0.956010490548479,,1,499,1,exact,,,2,0.00020517810720758746,,,,0.024170083001081366,c0e1f7c51873708186ac130f5a1116973ac9d7ec
dv3-B-lgcp-320306,3,B,lgcp,320306,32,,306,3:2:5:320306,,test,23,500.0,,,,,,,,,0.5855644493283118,0.6,,,,,,,5.921825873758036,0.026832815729997475,256,1.9999999999999996,0.956010490548479,,1,502,1,exact,,,2,0.00020517810720758746,,,,0.021241833001113264,016f7e7fec867ccef3c739bf520d2226caf0f96f
dv3-B-lgcp-320307,3,B,lgcp,320307,32,,307,3:2:5:320307,,test,23,500.0,,,,,,,,,0.5855644493283118,0.6,,,,,,,5.921825873758036,0.026832815729997475,256,1.9999999999999996,0.956010490548479,,1,475,1,exact,,,2,0.00020517810720758746,,,,0.020051999999850523,a339f789dd7672125ae61b192037b94c43fb663d
dv3-B-lgcp-320308,3,B,lgcp,320308,32,,308,3:2:5:320308,,test,23,500.0,,,,,,,,,0.5855644493283118,0.6,,,,,,,5.921825873758036,0.026832815729997475,256,1.9999999999999996,0.956010490548479,,1,540,1,exact,,,2,0.00020517810720758746,,,,0.02717241700156592,05a83248d0997c9aa8a01f48066189b85e4f7752
dv3-B-lgcp-320309,3,B,lgcp,320309,32,,309,3:2:5:320309,,test,23,500.0,,,,,,,,,0.5855644493283118,0.6,,,,,,,5.921825873758036,0.026832815729997475,256,1.9999999999999996,0.956010490548479,,1,511,1,exact,,,2,0.00020517810720758746,,,,0.01704220800093026,0ebd50f260c673ad194fe607621b80ca96f50c68
dv3-B-lgcp-320310,3,B,lgcp,320310,32,,310,3:2:5:320310,,test,23,500.0,,,,,,,,,0.5855644493283118,0.6,,,,,,,5.921825873758036,0.026832815729997475,256,1.9999999999999996,0.956010490548479,,1,474,1,exact,,,2,0.00020517810720758746,,,,0.02174274999924819,22ac720c93be6aeb79cce55c6f0baa5a5005582d
dv3-B-lgcp-320311,3,B,lgcp,320311,32,,311,3:2:5:320311,,test,23,500.0,,,,,,,,,0.5855644493283118,0.6,,,,,,,5.921825873758036,0.026832815729997475,256,1.9999999999999996,0.956010490548479,,1,504,1,exact,,,2,0.00020517810720758746,,,,0.03570745800243458,eb2023edb40f4e55c338c7921b33acc2f0810b61
dv3-B-lgcp-320312,3,B,lgcp,320312,32,,312,3:2:5:320312,,test,23,500.0,,,,,,,,,0.5855644493283118,0.6,,,,,,,5.921825873758036,0.026832815729997475,256,1.9999999999999996,0.956010490548479,,1,567,1,exact,,,2,0.00020517810720758746,,,,0.019785750002483837,d7bf3c75cfaa41218bde161a458d7b5d0254d822
dv3-B-lgcp-320313,3,B,lgcp,320313,32,,313,3:2:5:320313,,test,23,500.0,,,,,,,,,0.5855644493283118,0.6,,,,,,,5.921825873758036,0.026832815729997475,256,1.9999999999999996,0.956010490548479,,1,511,1,exact,,,2,0.00020517810720758746,,,,0.015643624999938766,b5919388eeb90057be47df8baaaf38aa5eb9b8e0
dv3-B-lgcp-320314,3,B,lgcp,320314,32,,314,3:2:5:320314,,test,23,500.0,,,,,,,,,0.5855644493283118,0.6,,,,,,,5.921825873758036,0.026832815729997475,256,1.9999999999999996,0.956010490548479,,1,478,1,exact,,,2,0.00020517810720758746,,,,0.016843209003127413,71f238c3ccd4a3f21a78a608793ba19ba36b19bc
dv3-B-lgcp-320315,3,B,lgcp,320315,32,,315,3:2:5:320315,,test,23,500.0,,,,,,,,,0.5855644493283118,0.6,,,,,,,5.921825873758036,0.026832815729997475,256,1.9999999999999996,0.956010490548479,,1,517,1,exact,,,2,0.00020517810720758746,,,,0.018596249999973224,07bad7dc9fcb7bec4ed64a94cc06225750ca3a3e
dv3-B-lgcp-320316,3,B,lgcp,320316,32,,316,3:2:5:320316,,test,23,500.0,,,,,,,,,0.5855644493283118,0.6,,,,,,,5.921825873758036,0.026832815729997475,256,1.9999999999999996,0.956010490548479,,1,501,1,exact,,,2,0.00020517810720758746,,,,0.016581500000029337,005ab7de34446e3910dafd1cd8362f8b1f24101d
dv3-B-lgcp-320317,3,B,lgcp,320317,32,,317,3:2:5:320317,,test,23,500.0,,,,,,,,,0.5855644493283118,0.6,,,,,,,5.921825873758036,0.026832815729997475,256,1.9999999999999996,0.956010490548479,,1,572,1,exact,,,2,0.00020517810720758746,,,,0.01681595799891511,d654e7ebca907aa96f6c874b2c9440f97a8afba9
dv3-B-lgcp-320318,3,B,lgcp,320318,32,,318,3:2:5:320318,,test,23,500.0,,,,,,,,,0.5855644493283118,0.6,,,,,,,5.921825873758036,0.026832815729997475,256,1.9999999999999996,0.956010490548479,,1,469,1,exact,,,2,0.00020517810720758746,,,,0.014845790999970632,c79be82f450daedc62a8b55840f38a6bfb9a3ee9
dv3-B-lgcp-320319,3,B,lgcp,320319,32,,319,3:2:5:320319,,test,23,500.0,,,,,,,,,0.5855644493283118,0.6,,,,,,,5.921825873758036,0.026832815729997475,256,1.9999999999999996,0.956010490548479,,1,566,1,exact,,,2,0.00020517810720758746,,,,0.022805750002589775,85a0479bbab053d1d0cfd94c9ff441094b268b21
dv3-B-lgcp-320320,3,B,lgcp,320320,32,,320,3:2:5:320320,,test,23,500.0,,,,,,,,,0.5855644493283118,0.6,,,,,,,5.921825873758036,0.026832815729997475,256,1.9999999999999996,0.956010490548479,,1,493,1,exact,,,2,0.00020517810720758746,,,,0.015689457999542356,5cf4a5d63dda866caff04f47b41708c8cc39c956
dv3-B-lgcp-320321,3,B,lgcp,320321,32,,321,3:2:5:320321,,test,23,500.0,,,,,,,,,0.5855644493283118,0.6,,,,,,,5.921825873758036,0.026832815729997475,256,1.9999999999999996,0.956010490548479,,1,471,1,exact,,,2,0.00020517810720758746,,,,0.01680287500130362,43c5608e35fce31b7d9f56444351ace8c833ff5f
dv3-B-lgcp-320322,3,B,lgcp,320322,32,,322,3:2:5:320322,,test,23,500.0,,,,,,,,,0.5855644493283118,0.6,,,,,,,5.921825873758036,0.026832815729997475,256,1.9999999999999996,0.956010490548479,,1,500,1,exact,,,2,0.00020517810720758746,,,,0.01721966699915356,44cce9b96705c138f8cbb2aab4044872c10ebb45
dv3-B-lgcp-320323,3,B,lgcp,320323,32,,323,3:2:5:320323,,test,23,500.0,,,,,,,,,0.5855644493283118,0.6,,,,,,,5.921825873758036,0.026832815729997475,256,1.9999999999999996,0.956010490548479,,1,430,1,exact,,,2,0.00020517810720758746,,,,0.01909666600113269,16baae152110238a2a42d8ba991abb6d77176127
dv3-B-lgcp-320324,3,B,lgcp,320324,32,,324,3:2:5:320324,,test,23,500.0,,,,,,,,,0.5855644493283118,0.6,,,,,,,5.921825873758036,0.026832815729997475,256,1.9999999999999996,0.956010490548479,,1,473,1,exact,,,2,0.00020517810720758746,,,,0.017395791997842025,e00de650aeec810bf7e53e617a356dee1bcf80ce
dv3-B-lgcp-320325,3,B,lgcp,320325,32,,325,3:2:5:320325,,test,23,500.0,,,,,,,,,0.5855644493283118,0.6,,,,,,,5.921825873758036,0.026832815729997475,256,1.9999999999999996,0.956010490548479,,1,526,1,exact,,,2,0.00020517810720758746,,,,0.015606500001013046,0daf4880ab6666cef246efe315fbb5b72f657a6a
dv3-B-lgcp-320326,3,B,lgcp,320326,32,,326,3:2:5:320326,,test,23,500.0,,,,,,,,,0.5855644493283118,0.6,,,,,,,5.921825873758036,0.026832815729997475,256,1.9999999999999996,0.956010490548479,,1,496,1,exact,,,2,0.00020517810720758746,,,,0.019005665999429766,76da9bb72484a3e6d99215a160e62dffaaffde55
dv3-B-lgcp-320327,3,B,lgcp,320327,32,,327,3:2:5:320327,,test,23,500.0,,,,,,,,,0.5855644493283118,0.6,,,,,,,5.921825873758036,0.026832815729997475,256,1.9999999999999996,0.956010490548479,,1,508,1,exact,,,2,0.00020517810720758746,,,,0.01982970799872419,f81fb7966302742213475313e5bd2c5fb2ca19df
dv3-B-lgcp-320328,3,B,lgcp,320328,32,,328,3:2:5:320328,,test,23,500.0,,,,,,,,,0.5855644493283118,0.6,,,,,,,5.921825873758036,0.026832815729997475,256,1.9999999999999996,0.956010490548479,,1,534,1,exact,,,2,0.00020517810720758746,,,,0.017209124998771586,0bee5333aac6507a647a5e95f414c2b538688224
dv3-B-lgcp-320329,3,B,lgcp,320329,32,,329,3:2:5:320329,,test,23,500.0,,,,,,,,,0.5855644493283118,0.6,,,,,,,5.921825873758036,0.026832815729997475,256,1.9999999999999996,0.956010490548479,,1,469,1,exact,,,2,0.00020517810720758746,,,,0.020446792001166614,3df921d7e05ca884620267fc7eca7c9257b0cc65
dv3-B-lgcp-320330,3,B,lgcp,320330,32,,330,3:2:5:320330,,test,23,500.0,,,,,,,,,0.5855644493283118,0.6,,,,,,,5.921825873758036,0.026832815729997475,256,1.9999999999999996,0.956010490548479,,1,496,1,exact,,,2,0.00020517810720758746,,,,0.013775666997389635,a255b43911766f77247a04debb0c744a2dac190e
dv3-B-lgcp-320331,3,B,lgcp,320331,32,,331,3:2:5:320331,,test,23,500.0,,,,,,,,,0.5855644493283118,0.6,,,,,,,5.921825873758036,0.026832815729997475,256,1.9999999999999996,0.956010490548479,,1,518,1,exact,,,2,0.00020517810720758746,,,,0.01521866700204555,8f000d0795752bae99d455399168f37a29158652
dv3-B-lgcp-320332,3,B,lgcp,320332,32,,332,3:2:5:320332,,test,23,500.0,,,,,,,,,0.5855644493283118,0.6,,,,,,,5.921825873758036,0.026832815729997475,256,1.9999999999999996,0.956010490548479,,1,468,1,exact,,,2,0.00020517810720758746,,,,0.023206000001664506,b1ebdcc989de3078cbed6432bb2e0ea78bcd46d3
dv3-B-lgcp-320333,3,B,lgcp,320333,32,,333,3:2:5:320333,,test,23,500.0,,,,,,,,,0.5855644493283118,0.6,,,,,,,5.921825873758036,0.026832815729997475,256,1.9999999999999996,0.956010490548479,,1,495,1,exact,,,2,0.00020517810720758746,,,,0.017516166000859812,0d1a27180deee7a4d404ca808280b0d04024fbb3
dv3-B-lgcp-320334,3,B,lgcp,320334,32,,334,3:2:5:320334,,test,23,500.0,,,,,,,,,0.5855644493283118,0.6,,,,,,,5.921825873758036,0.026832815729997475,256,1.9999999999999996,0.956010490548479,,1,487,1,exact,,,2,0.00020517810720758746,,,,0.015174749998550396,74f6913eb1afec5faa33dfb8bf2ca316d947d0fe
dv3-B-lgcp-320335,3,B,lgcp,320335,32,,335,3:2:5:320335,,test,23,500.0,,,,,,,,,0.5855644493283118,0.6,,,,,,,5.921825873758036,0.026832815729997475,256,1.9999999999999996,0.956010490548479,,1,443,1,exact,,,2,0.00020517810720758746,,,,0.015916457999992417,b2ddd435ef03a9d76d2f8c77d44c1aaaf0f9db12
dv3-B-lgcp-320336,3,B,lgcp,320336,32,,336,3:2:5:320336,,test,23,500.0,,,,,,,,,0.5855644493283118,0.6,,,,,,,5.921825873758036,0.026832815729997475,256,1.9999999999999996,0.956010490548479,,1,486,1,exact,,,2,0.00020517810720758746,,,,0.025647165999544086,acc0cd99497b7471f5823d6720095c04daca73e6
dv3-B-lgcp-320337,3,B,lgcp,320337,32,,337,3:2:5:320337,,test,23,500.0,,,,,,,,,0.5855644493283118,0.6,,,,,,,5.921825873758036,0.026832815729997475,256,1.9999999999999996,0.956010490548479,,1,523,1,exact,,,2,0.00020517810720758746,,,,0.013778666998405242,fabd13870e5ad46987fc6005f6c4f3ca57915305
dv3-B-lgcp-320338,3,B,lgcp,320338,32,,338,3:2:5:320338,,test,23,500.0,,,,,,,,,0.5855644493283118,0.6,,,,,,,5.921825873758036,0.026832815729997475,256,1.9999999999999996,0.956010490548479,,1,540,1,exact,,,2,0.00020517810720758746,,,,0.014444874999753665,ea3c2375b245dce5047422639dafa10960e01586
dv3-B-lgcp-320339,3,B,lgcp,320339,32,,339,3:2:5:320339,,test,23,500.0,,,,,,,,,0.5855644493283118,0.6,,,,,,,5.921825873758036,0.026832815729997475,256,1.9999999999999996,0.956010490548479,,1,434,1,exact,,,2,0.00020517810720758746,,,,0.01656604199888534,0d7d1cea595ad7910454e347f2cb369c3e00131b
dv3-B-lgcp-320340,3,B,lgcp,320340,32,,340,3:2:5:320340,,test,23,500.0,,,,,,,,,0.5855644493283118,0.6,,,,,,,5.921825873758036,0.026832815729997475,256,1.9999999999999996,0.956010490548479,,1,521,1,exact,,,2,0.00020517810720758746,,,,0.01457374999881722,b9414d8491eb0cba397dcf21584042beeda2d24e
dv3-B-lgcp-320341,3,B,lgcp,320341,32,,341,3:2:5:320341,,test,23,500.0,,,,,,,,,0.5855644493283118,0.6,,,,,,,5.921825873758036,0.026832815729997475,256,1.9999999999999996,0.956010490548479,,1,440,1,exact,,,2,0.00020517810720758746,,,,0.018696708997595124,84edc6c7597955f8e7bd5807457ebb0757bf7180
dv3-B-lgcp-320342,3,B,lgcp,320342,32,,342,3:2:5:320342,,test,23,500.0,,,,,,,,,0.5855644493283118,0.6,,,,,,,5.921825873758036,0.026832815729997475,256,1.9999999999999996,0.956010490548479,,1,492,1,exact,,,2,0.00020517810720758746,,,,0.01622745800341363,1e4b83cf61a6bd35112504206f4fe76777281403
dv3-B-lgcp-320343,3,B,lgcp,320343,32,,343,3:2:5:320343,,test,23,500.0,,,,,,,,,0.5855644493283118,0.6,,,,,,,5.921825873758036,0.026832815729997475,256,1.9999999999999996,0.956010490548479,,1,499,1,exact,,,2,0.00020517810720758746,,,,0.01652983400344965,bf41348f58523df5eb273d1e044d5b7d0e241cd7
dv3-B-lgcp-320344,3,B,lgcp,320344,32,,344,3:2:5:320344,,test,23,500.0,,,,,,,,,0.5855644493283118,0.6,,,,,,,5.921825873758036,0.026832815729997475,256,1.9999999999999996,0.956010490548479,,1,507,1,exact,,,2,0.00020517810720758746,,,,0.01191758400091203,272075b7959fb07f044a910d3b04e3e78564f662
dv3-B-lgcp-320345,3,B,lgcp,320345,32,,345,3:2:5:320345,,test,23,500.0,,,,,,,,,0.5855644493283118,0.6,,,,,,,5.921825873758036,0.026832815729997475,256,1.9999999999999996,0.956010490548479,,1,529,1,exact,,,2,0.00020517810720758746,,,,0.0180318749989965,13ffb02dd53ad4b10baee53c16f6e201393ac834
dv3-B-lgcp-320346,3,B,lgcp,320346,32,,346,3:2:5:320346,,test,23,500.0,,,,,,,,,0.5855644493283118,0.6,,,,,,,5.921825873758036,0.026832815729997475,256,1.9999999999999996,0.956010490548479,,1,470,1,exact,,,2,0.00020517810720758746,,,,0.017336707998765633,d48dcd9394c42ef8f428ddc8ddee9c0d4b09f08b
dv3-B-lgcp-320347,3,B,lgcp,320347,32,,347,3:2:5:320347,,test,23,500.0,,,,,,,,,0.5855644493283118,0.6,,,,,,,5.921825873758036,0.026832815729997475,256,1.9999999999999996,0.956010490548479,,1,454,1,exact,,,2,0.00020517810720758746,,,,0.011714207998011261,b78ab18a2707be1de1c7e5d28286267c85d090f6
dv3-B-lgcp-320348,3,B,lgcp,320348,32,,348,3:2:5:320348,,test,23,500.0,,,,,,,,,0.5855644493283118,0.6,,,,,,,5.921825873758036,0.026832815729997475,256,1.9999999999999996,0.956010490548479,,1,523,1,exact,,,2,0.00020517810720758746,,,,0.017046999997546664,1d86270ce44bddc220884b93f6afee0e853589fb
dv3-B-lgcp-320349,3,B,lgcp,320349,32,,349,3:2:5:320349,,test,23,500.0,,,,,,,,,0.5855644493283118,0.6,,,,,,,5.921825873758036,0.026832815729997475,256,1.9999999999999996,0.956010490548479,,1,540,1,exact,,,2,0.00020517810720758746,,,,0.01975983300144435,0eeb27a488d6b825cb7b938eeee3f0d90950601e
dv3-B-lgcp-320350,3,B,lgcp,320350,32,,350,3:2:5:320350,,test,23,500.0,,,,,,,,,0.5855644493283118,0.6,,,,,,,5.921825873758036,0.026832815729997475,256,1.9999999999999996,0.956010490548479,,1,484,1,exact,,,2,0.00020517810720758746,,,,0.02143929099838715,a0a2884be130364e85f982cc4ffd06204003a424
dv3-B-lgcp-320351,3,B,lgcp,320351,32,,351,3:2:5:320351,,test,23,500.0,,,,,,,,,0.5855644493283118,0.6,,,,,,,5.921825873758036,0.026832815729997475,256,1.9999999999999996,0.956010490548479,,1,546,1,exact,,,2,0.00020517810720758746,,,,0.012976000001799548,8f87cf4685f66aec8f964b6340429f1f09d9ea67
dv3-B-lgcp-320352,3,B,lgcp,320352,32,,352,3:2:5:320352,,test,23,500.0,,,,,,,,,0.5855644493283118,0.6,,,,,,,5.921825873758036,0.026832815729997475,256,1.9999999999999996,0.956010490548479,,1,507,1,exact,,,2,0.00020517810720758746,,,,0.011292833998595597,39100a9d12ed68a55c7fc935af8b0d2df7d2ebcb
dv3-B-lgcp-320353,3,B,lgcp,320353,32,,353,3:2:5:320353,,test,23,500.0,,,,,,,,,0.5855644493283118,0.6,,,,,,,5.921825873758036,0.026832815729997475,256,1.9999999999999996,0.956010490548479,,1,479,1,exact,,,2,0.00020517810720758746,,,,0.015393040997878416,886b85b05d8cac18f2aceabc0dbbfaea1a57c8c5
dv3-B-lgcp-320354,3,B,lgcp,320354,32,,354,3:2:5:320354,,test,23,500.0,,,,,,,,,0.5855644493283118,0.6,,,,,,,5.921825873758036,0.026832815729997475,256,1.9999999999999996,0.956010490548479,,1,522,1,exact,,,2,0.00020517810720758746,,,,0.0179317500005709,55cb93a873b8d664106809f295066c786de92cda
dv3-B-lgcp-320355,3,B,lgcp,320355,32,,355,3:2:5:320355,,test,23,500.0,,,,,,,,,0.5855644493283118,0.6,,,,,,,5.921825873758036,0.026832815729997475,256,1.9999999999999996,0.956010490548479,,1,492,1,exact,,,2,0.00020517810720758746,,,,0.02121337500284426,286ca67fb2d520f7f8ffb52cf9ede00223ca4ed4
dv3-B-lgcp-320356,3,B,lgcp,320356,32,,356,3:2:5:320356,,test,23,500.0,,,,,,,,,0.5855644493283118,0.6,,,,,,,5.921825873758036,0.026832815729997475,256,1.9999999999999996,0.956010490548479,,1,516,1,exact,,,2,0.00020517810720758746,,,,0.016327249999449123,579f2bbd4603a7f24c7dfae51e41c58159e2f690
dv3-B-lgcp-320357,3,B,lgcp,320357,32,,357,3:2:5:320357,,test,23,500.0,,,,,,,,,0.5855644493283118,0.6,,,,,,,5.921825873758036,0.026832815729997475,256,1.9999999999999996,0.956010490548479,,1,521,1,exact,,,2,0.00020517810720758746,,,,0.014111125001363689,7f483e4edb13d1a62c6d42f5ae7e62840dfab434
dv3-B-lgcp-320358,3,B,lgcp,320358,32,,358,3:2:5:320358,,test,23,500.0,,,,,,,,,0.5855644493283118,0.6,,,,,,,5.921825873758036,0.026832815729997475,256,1.9999999999999996,0.956010490548479,,1,492,1,exact,,,2,0.00020517810720758746,,,,0.019185207998816622,e55c1981f639a2d61b589018a959219972290aab
dv3-B-lgcp-320359,3,B,lgcp,320359,32,,359,3:2:5:320359,,test,23,500.0,,,,,,,,,0.5855644493283118,0.6,,,,,,,5.921825873758036,0.026832815729997475,256,1.9999999999999996,0.956010490548479,,1,522,1,exact,,,2,0.00020517810720758746,,,,0.01516095799888717,aa6b1e89e5b26e927bd954b0794793be4a4fefea
dv3-B-lgcp-320360,3,B,lgcp,320360,32,,360,3:2:5:320360,,test,23,500.0,,,,,,,,,0.5855644493283118,0.6,,,,,,,5.921825873758036,0.026832815729997475,256,1.9999999999999996,0.956010490548479,,1,495,1,exact,,,2,0.00020517810720758746,,,,0.01729554100165842,9afd4aa8462f975a3c172d230a7d68eb082be5f9
dv3-B-lgcp-320361,3,B,lgcp,320361,32,,361,3:2:5:320361,,test,23,500.0,,,,,,,,,0.5855644493283118,0.6,,,,,,,5.921825873758036,0.026832815729997475,256,1.9999999999999996,0.956010490548479,,1,536,1,exact,,,2,0.00020517810720758746,,,,0.01358845900176675,c3a2f758a8b03656ed3061eccf062d2d00deff7c
dv3-B-lgcp-320362,3,B,lgcp,320362,32,,362,3:2:5:320362,,test,23,500.0,,,,,,,,,0.5855644493283118,0.6,,,,,,,5.921825873758036,0.026832815729997475,256,1.9999999999999996,0.956010490548479,,1,560,1,exact,,,2,0.00020517810720758746,,,,0.01417754200156196,fe7af9279b8e691433125ce8e8bb763c8f56fe40
dv3-B-lgcp-320363,3,B,lgcp,320363,32,,363,3:2:5:320363,,test,23,500.0,,,,,,,,,0.5855644493283118,0.6,,,,,,,5.921825873758036,0.026832815729997475,256,1.9999999999999996,0.956010490548479,,1,484,1,exact,,,2,0.00020517810720758746,,,,0.020550332999846432,f43b4419ec4e22435814a2b583ab0480b36a90f8
dv3-B-lgcp-320364,3,B,lgcp,320364,32,,364,3:2:5:320364,,test,23,500.0,,,,,,,,,0.5855644493283118,0.6,,,,,,,5.921825873758036,0.026832815729997475,256,1.9999999999999996,0.956010490548479,,1,470,1,exact,,,2,0.00020517810720758746,,,,0.014563666001777165,8c42d1cdd283a488c53c7063400d1afbad33651f
dv3-B-lgcp-320365,3,B,lgcp,320365,32,,365,3:2:5:320365,,test,23,500.0,,,,,,,,,0.5855644493283118,0.6,,,,,,,5.921825873758036,0.026832815729997475,256,1.9999999999999996,0.956010490548479,,1,500,1,exact,,,2,0.00020517810720758746,,,,0.02064441699985764,5f6ffb3689b6145c1e0a21ec41b8cc48def6f7e6
dv3-B-lgcp-320366,3,B,lgcp,320366,32,,366,3:2:5:320366,,test,23,500.0,,,,,,,,,0.5855644493283118,0.6,,,,,,,5.921825873758036,0.026832815729997475,256,1.9999999999999996,0.956010490548479,,1,465,1,exact,,,2,0.00020517810720758746,,,,0.01800845800244133,c2928e3b27f05e2cd615de7fb9b0f635711e93ea
dv3-B-lgcp-320367,3,B,lgcp,320367,32,,367,3:2:5:320367,,test,23,500.0,,,,,,,,,0.5855644493283118,0.6,,,,,,,5.921825873758036,0.026832815729997475,256,1.9999999999999996,0.956010490548479,,1,518,1,exact,,,2,0.00020517810720758746,,,,0.016072708000137936,c5dec1261d460969a4d46b3e4fba75872ce9327d
dv3-B-lgcp-320368,3,B,lgcp,320368,32,,368,3:2:5:320368,,test,23,500.0,,,,,,,,,0.5855644493283118,0.6,,,,,,,5.921825873758036,0.026832815729997475,256,1.9999999999999996,0.956010490548479,,1,523,1,exact,,,2,0.00020517810720758746,,,,0.014207708998583257,0015e982301c23b8a8f7bfaae8d9220f1ca00a68
dv3-B-lgcp-320369,3,B,lgcp,320369,32,,369,3:2:5:320369,,test,23,500.0,,,,,,,,,0.5855644493283118,0.6,,,,,,,5.921825873758036,0.026832815729997475,256,1.9999999999999996,0.956010490548479,,1,522,1,exact,,,2,0.00020517810720758746,,,,0.012583250001625856,fdc08e6ca4ad1bc17a87174c68963c5e7597d372
dv3-B-lgcp-320370,3,B,lgcp,320370,32,,370,3:2:5:320370,,test,23,500.0,,,,,,,,,0.5855644493283118,0.6,,,,,,,5.921825873758036,0.026832815729997475,256,1.9999999999999996,0.956010490548479,,1,499,1,exact,,,2,0.00020517810720758746,,,,0.012757458000123734,3653d6453a2c9da3ceb58109b47e0cd20c54196b
dv3-B-lgcp-320371,3,B,lgcp,320371,32,,371,3:2:5:320371,,test,23,500.0,,,,,,,,,0.5855644493283118,0.6,,,,,,,5.921825873758036,0.026832815729997475,256,1.9999999999999996,0.956010490548479,,1,496,1,exact,,,2,0.00020517810720758746,,,,0.01613050000014482,7f09978fd08d085bb7b450663eaca8d7ec196882
dv3-B-lgcp-320372,3,B,lgcp,320372,32,,372,3:2:5:320372,,test,23,500.0,,,,,,,,,0.5855644493283118,0.6,,,,,,,5.921825873758036,0.026832815729997475,256,1.9999999999999996,0.956010490548479,,1,506,1,exact,,,2,0.00020517810720758746,,,,0.018934291998448316,3da09be4d8d3f1f74005b9bc8b6cf66b8c2639fb
dv3-B-lgcp-320373,3,B,lgcp,320373,32,,373,3:2:5:320373,,test,23,500.0,,,,,,,,,0.5855644493283118,0.6,,,,,,,5.921825873758036,0.026832815729997475,256,1.9999999999999996,0.956010490548479,,1,490,1,exact,,,2,0.00020517810720758746,,,,0.014628292003180832,e2038018ea60317f90b450dcb5cbe8a770a69c26
dv3-B-lgcp-320374,3,B,lgcp,320374,32,,374,3:2:5:320374,,test,23,500.0,,,,,,,,,0.5855644493283118,0.6,,,,,,,5.921825873758036,0.026832815729997475,256,1.9999999999999996,0.956010490548479,,1,466,1,exact,,,2,0.00020517810720758746,,,,0.018048125002678717,cd5ce6c03ee51064ba1aea4f0484838c901e4b05
dv3-B-lgcp-320375,3,B,lgcp,320375,32,,375,3:2:5:320375,,test,23,500.0,,,,,,,,,0.5855644493283118,0.6,,,,,,,5.921825873758036,0.026832815729997475,256,1.9999999999999996,0.956010490548479,,1,503,1,exact,,,2,0.00020517810720758746,,,,0.019412834000831936,fcd655135d2bc31ed10ff3f4045b0681446d60f9
dv3-B-lgcp-320376,3,B,lgcp,320376,32,,376,3:2:5:320376,,test,23,500.0,,,,,,,,,0.5855644493283118,0.6,,,,,,,5.921825873758036,0.026832815729997475,256,1.9999999999999996,0.956010490548479,,1,545,1,exact,,,2,0.00020517810720758746,,,,0.014647874999354826,821903737b5839a392a1dd1852132017d97c32be
dv3-B-lgcp-320377,3,B,lgcp,320377,32,,377,3:2:5:320377,,test,23,500.0,,,,,,,,,0.5855644493283118,0.6,,,,,,,5.921825873758036,0.026832815729997475,256,1.9999999999999996,0.956010490548479,,1,504,1,exact,,,2,0.00020517810720758746,,,,0.012427166999259498,f6290b477112ca6dfecfc3f6b3626d4fb9480271
dv3-B-lgcp-320378,3,B,lgcp,320378,32,,378,3:2:5:320378,,test,23,500.0,,,,,,,,,0.5855644493283118,0.6,,,,,,,5.921825873758036,0.026832815729997475,256,1.9999999999999996,0.956010490548479,,1,477,1,exact,,,2,0.00020517810720758746,,,,0.017641291000472847,06192bb5b8156a5edec99011868adcdef6ccf5e1
dv3-B-lgcp-320379,3,B,lgcp,320379,32,,379,3:2:5:320379,,test,23,500.0,,,,,,,,,0.5855644493283118,0.6,,,,,,,5.921825873758036,0.026832815729997475,256,1.9999999999999996,0.956010490548479,,1,467,1,exact,,,2,0.00020517810720758746,,,,0.019214333002310013,ae9d2122b386f37f9c5803113f0406570b5ad7f1
dv3-B-lgcp-320380,3,B,lgcp,320380,32,,380,3:2:5:320380,,test,23,500.0,,,,,,,,,0.5855644493283118,0.6,,,,,,,5.921825873758036,0.026832815729997475,256,1.9999999999999996,0.956010490548479,,1,556,1,exact,,,2,0.00020517810720758746,,,,0.013972917000501184,4e79c635259dd070d387886171f82e1327dda915
dv3-B-lgcp-320381,3,B,lgcp,320381,32,,381,3:2:5:320381,,test,23,500.0,,,,,,,,,0.5855644493283118,0.6,,,,,,,5.921825873758036,0.026832815729997475,256,1.9999999999999996,0.956010490548479,,1,481,1,exact,,,2,0.00020517810720758746,,,,0.015443000000232132,7a8a34cce8a7a30261ab5202a02e1b9505435faf
dv3-B-lgcp-320382,3,B,lgcp,320382,32,,382,3:2:5:320382,,test,23,500.0,,,,,,,,,0.5855644493283118,0.6,,,,,,,5.921825873758036,0.026832815729997475,256,1.9999999999999996,0.956010490548479,,1,424,1,exact,,,2,0.00020517810720758746,,,,0.01653000000078464,c4a79c20d43e03114a3519910adc55581da346c4
dv3-B-lgcp-320383,3,B,lgcp,320383,32,,383,3:2:5:320383,,test,23,500.0,,,,,,,,,0.5855644493283118,0.6,,,,,,,5.921825873758036,0.026832815729997475,256,1.9999999999999996,0.956010490548479,,1,516,1,exact,,,2,0.00020517810720758746,,,,0.01542245900054695,289c50ad75542a3badb315e1e0f45754e46b10c3
dv3-B-lgcp-320384,3,B,lgcp,320384,32,,384,3:2:5:320384,,test,23,500.0,,,,,,,,,0.5855644493283118,0.6,,,,,,,5.921825873758036,0.026832815729997475,256,1.9999999999999996,0.956010490548479,,1,497,1,exact,,,2,0.00020517810720758746,,,,0.0196105830000306,ead625c2b24525581c2d6248c8765120af56e70a
dv3-B-lgcp-320385,3,B,lgcp,320385,32,,385,3:2:5:320385,,test,23,500.0,,,,,,,,,0.5855644493283118,0.6,,,,,,,5.921825873758036,0.026832815729997475,256,1.9999999999999996,0.956010490548479,,1,457,1,exact,,,2,0.00020517810720758746,,,,0.015877082998486003,003390d0ecb2980c6cf2c3da1d5335b7ee94956b
dv3-B-lgcp-320386,3,B,lgcp,320386,32,,386,3:2:5:320386,,test,23,500.0,,,,,,,,,0.5855644493283118,0.6,,,,,,,5.921825873758036,0.026832815729997475,256,1.9999999999999996,0.956010490548479,,1,495,1,exact,,,2,0.00020517810720758746,,,,0.017197249999298947,3ba2c217ae39f530c575d3b2a8e2bb60491259de
dv3-B-lgcp-320387,3,B,lgcp,320387,32,,387,3:2:5:320387,,test,23,500.0,,,,,,,,,0.5855644493283118,0.6,,,,,,,5.921825873758036,0.026832815729997475,256,1.9999999999999996,0.956010490548479,,1,477,1,exact,,,2,0.00020517810720758746,,,,0.019565916998544708,458b6cb64281bca1f22e3b9dd44448c846535df8
dv3-B-lgcp-320388,3,B,lgcp,320388,32,,388,3:2:5:320388,,test,23,500.0,,,,,,,,,0.5855644493283118,0.6,,,,,,,5.921825873758036,0.026832815729997475,256,1.9999999999999996,0.956010490548479,,1,479,1,exact,,,2,0.00020517810720758746,,,,0.02036829200005741,cc7dd326d7df62f929a71cf3d04200d536369b44
dv3-B-lgcp-320389,3,B,lgcp,320389,32,,389,3:2:5:320389,,test,23,500.0,,,,,,,,,0.5855644493283118,0.6,,,,,,,5.921825873758036,0.026832815729997475,256,1.9999999999999996,0.956010490548479,,1,545,1,exact,,,2,0.00020517810720758746,,,,0.020378290999360615,e42239fb7dc0988a52e6aa1cd1df85f896e5d0c6
dv3-B-lgcp-320390,3,B,lgcp,320390,32,,390,3:2:5:320390,,test,23,500.0,,,,,,,,,0.5855644493283118,0.6,,,,,,,5.921825873758036,0.026832815729997475,256,1.9999999999999996,0.956010490548479,,1,431,1,exact,,,2,0.00020517810720758746,,,,0.01796687499881955,50769e64fe9b528a568128bd8ed95bc7b5df96b5
dv3-B-lgcp-320391,3,B,lgcp,320391,32,,391,3:2:5:320391,,test,23,500.0,,,,,,,,,0.5855644493283118,0.6,,,,,,,5.921825873758036,0.026832815729997475,256,1.9999999999999996,0.956010490548479,,1,508,1,exact,,,2,0.00020517810720758746,,,,0.018221500002255198,024cb12ec8bfd74f61376d930584a137aa5825ec
dv3-B-lgcp-320392,3,B,lgcp,320392,32,,392,3:2:5:320392,,test,23,500.0,,,,,,,,,0.5855644493283118,0.6,,,,,,,5.921825873758036,0.026832815729997475,256,1.9999999999999996,0.956010490548479,,1,538,1,exact,,,2,0.00020517810720758746,,,,0.01712470799975563,ef591093dfe1b87a34bcb493b12f8b85e2be5628
dv3-B-lgcp-320393,3,B,lgcp,320393,32,,393,3:2:5:320393,,test,23,500.0,,,,,,,,,0.5855644493283118,0.6,,,,,,,5.921825873758036,0.026832815729997475,256,1.9999999999999996,0.956010490548479,,1,575,1,exact,,,2,0.00020517810720758746,,,,0.017545791000884492,6d8bbd38020bbe09afd4ec52d0235c484901d2b2
dv3-B-lgcp-320394,3,B,lgcp,320394,32,,394,3:2:5:320394,,test,23,500.0,,,,,,,,,0.5855644493283118,0.6,,,,,,,5.921825873758036,0.026832815729997475,256,1.9999999999999996,0.956010490548479,,1,513,1,exact,,,2,0.00020517810720758746,,,,0.017444917000830173,152ca402e2e1f8a1a5ccad4b433723d09c8e12c7
dv3-B-lgcp-320395,3,B,lgcp,320395,32,,395,3:2:5:320395,,test,23,500.0,,,,,,,,,0.5855644493283118,0.6,,,,,,,5.921825873758036,0.026832815729997475,256,1.9999999999999996,0.956010490548479,,1,542,1,exact,,,2,0.00020517810720758746,,,,0.01940962500157184,00affc438c14a2e86eb6791d979c30fc421cf68e
dv3-B-lgcp-320396,3,B,lgcp,320396,32,,396,3:2:5:320396,,test,23,500.0,,,,,,,,,0.5855644493283118,0.6,,,,,,,5.921825873758036,0.026832815729997475,256,1.9999999999999996,0.956010490548479,,1,515,1,exact,,,2,0.00020517810720758746,,,,0.014127207999990787,33c1e9d56f142c17dae0e5e011e5eda32d691d51
dv3-B-lgcp-320397,3,B,lgcp,320397,32,,397,3:2:5:320397,,test,23,500.0,,,,,,,,,0.5855644493283118,0.6,,,,,,,5.921825873758036,0.026832815729997475,256,1.9999999999999996,0.956010490548479,,1,438,1,exact,,,2,0.00020517810720758746,,,,0.01908083399757743,6c28952df40046df46c715b9e39556f1be0de5ba
dv3-B-lgcp-320398,3,B,lgcp,320398,32,,398,3:2:5:320398,,test,23,500.0,,,,,,,,,0.5855644493283118,0.6,,,,,,,5.921825873758036,0.026832815729997475,256,1.9999999999999996,0.956010490548479,,1,492,1,exact,,,2,0.00020517810720758746,,,,0.01221208299830323,bdc38668b58408f34a85ebc2f0bc4d50c9623c74
dv3-B-lgcp-320399,3,B,lgcp,320399,32,,399,3:2:5:320399,,test,23,500.0,,,,,,,,,0.5855644493283118,0.6,,,,,,,5.921825873758036,0.026832815729997475,256,1.9999999999999996,0.956010490548479,,1,489,1,exact,,,2,0.00020517810720758746,,,,0.015091334000317147,f648b8199f8a2944b0c8967bbf50b46e723496ca
dv3-B-lgcp-330000,3,B,lgcp,330000,33,,0,3:2:5:330000,,test,23,500.0,,,,,,,,,1.0935350931798347,0.6,,,,,,,5.667840551832274,0.026832815729997475,256,4.0,0.9080474009608495,,1,559,1,exact,,,2,0.0002051781072075529,,,,0.016732167001464404,dd4acee81ca2e36556f64981184a6ae5f5065905
dv3-B-lgcp-330001,3,B,lgcp,330001,33,,1,3:2:5:330001,,test,23,500.0,,,,,,,,,1.0935350931798347,0.6,,,,,,,5.667840551832274,0.026832815729997475,256,4.0,0.9080474009608495,,1,468,1,exact,,,2,0.0002051781072075529,,,,0.01715387500007637,382420290694a4e6fd546a79bbb477f5eea02eb3
dv3-B-lgcp-330002,3,B,lgcp,330002,33,,2,3:2:5:330002,,test,23,500.0,,,,,,,,,1.0935350931798347,0.6,,,,,,,5.667840551832274,0.026832815729997475,256,4.0,0.9080474009608495,,1,493,1,exact,,,2,0.0002051781072075529,,,,0.019599291001213714,aaadff3609f1280add029e2a4fb4edc73d06ac38
dv3-B-lgcp-330003,3,B,lgcp,330003,33,,3,3:2:5:330003,,test,23,500.0,,,,,,,,,1.0935350931798347,0.6,,,,,,,5.667840551832274,0.026832815729997475,256,4.0,0.9080474009608495,,1,420,1,exact,,,2,0.0002051781072075529,,,,0.015112249999219785,aa11b673aba615a00b46f8accabc6d71e555448e
dv3-B-lgcp-330004,3,B,lgcp,330004,33,,4,3:2:5:330004,,test,23,500.0,,,,,,,,,1.0935350931798347,0.6,,,,,,,5.667840551832274,0.026832815729997475,256,4.0,0.9080474009608495,,1,445,1,exact,,,2,0.0002051781072075529,,,,0.020112166999751935,9a231ce22aeec6285fc8f0c443c4d5df50ab7de5
dv3-B-lgcp-330005,3,B,lgcp,330005,33,,5,3:2:5:330005,,test,23,500.0,,,,,,,,,1.0935350931798347,0.6,,,,,,,5.667840551832274,0.026832815729997475,256,4.0,0.9080474009608495,,1,471,1,exact,,,2,0.0002051781072075529,,,,0.013105916001222795,2c94de3e7284cc51e83e5501a9524007104fa67f
dv3-B-lgcp-330006,3,B,lgcp,330006,33,,6,3:2:5:330006,,test,23,500.0,,,,,,,,,1.0935350931798347,0.6,,,,,,,5.667840551832274,0.026832815729997475,256,4.0,0.9080474009608495,,1,520,1,exact,,,2,0.0002051781072075529,,,,0.014992625001468696,b422ef12469fabc75492f7fee892ded2ed835db1
dv3-B-lgcp-330007,3,B,lgcp,330007,33,,7,3:2:5:330007,,test,23,500.0,,,,,,,,,1.0935350931798347,0.6,,,,,,,5.667840551832274,0.026832815729997475,256,4.0,0.9080474009608495,,1,574,1,exact,,,2,0.0002051781072075529,,,,0.018593249998957617,3044bc3da3331f13785d66281ffb80dca9a5d3dd
dv3-B-lgcp-330008,3,B,lgcp,330008,33,,8,3:2:5:330008,,test,23,500.0,,,,,,,,,1.0935350931798347,0.6,,,,,,,5.667840551832274,0.026832815729997475,256,4.0,0.9080474009608495,,1,532,1,exact,,,2,0.0002051781072075529,,,,0.015797375002875924,14ea26c9a67eb87ce44570daf3723141c292d188
dv3-B-lgcp-330009,3,B,lgcp,330009,33,,9,3:2:5:330009,,test,23,500.0,,,,,,,,,1.0935350931798347,0.6,,,,,,,5.667840551832274,0.026832815729997475,256,4.0,0.9080474009608495,,1,437,1,exact,,,2,0.0002051781072075529,,,,0.015392249999422347,b783f6e03ebb3d7ea3cefa3b299e3138c008bdae
dv3-B-lgcp-330010,3,B,lgcp,330010,33,,10,3:2:5:330010,,test,23,500.0,,,,,,,,,1.0935350931798347,0.6,,,,,,,5.667840551832274,0.026832815729997475,256,4.0,0.9080474009608495,,1,474,1,exact,,,2,0.0002051781072075529,,,,0.01736216700010118,46fd7322235ead744f84f175b473276186c24a52
dv3-B-lgcp-330011,3,B,lgcp,330011,33,,11,3:2:5:330011,,test,23,500.0,,,,,,,,,1.0935350931798347,0.6,,,,,,,5.667840551832274,0.026832815729997475,256,4.0,0.9080474009608495,,1,455,1,exact,,,2,0.0002051781072075529,,,,0.013045457999396604,76062c625db5ef0f5237df1353c954547f75b26a
dv3-B-lgcp-330012,3,B,lgcp,330012,33,,12,3:2:5:330012,,test,23,500.0,,,,,,,,,1.0935350931798347,0.6,,,,,,,5.667840551832274,0.026832815729997475,256,4.0,0.9080474009608495,,1,517,1,exact,,,2,0.0002051781072075529,,,,0.014413000000786269,0415891cb49c4f4830b155be19612f50f0720e0a
dv3-B-lgcp-330013,3,B,lgcp,330013,33,,13,3:2:5:330013,,test,23,500.0,,,,,,,,,1.0935350931798347,0.6,,,,,,,5.667840551832274,0.026832815729997475,256,4.0,0.9080474009608495,,1,506,1,exact,,,2,0.0002051781072075529,,,,0.016405499998654705,c1e51b9832945d3073500343a2dabe5dee2815c8
dv3-B-lgcp-330014,3,B,lgcp,330014,33,,14,3:2:5:330014,,test,23,500.0,,,,,,,,,1.0935350931798347,0.6,,,,,,,5.667840551832274,0.026832815729997475,256,4.0,0.9080474009608495,,1,459,1,exact,,,2,0.0002051781072075529,,,,0.014100374999543419,ae6d326a823ddd2b38e03cf203a1ea2d0c0fce01
dv3-B-lgcp-330015,3,B,lgcp,330015,33,,15,3:2:5:330015,,test,23,500.0,,,,,,,,,1.0935350931798347,0.6,,,,,,,5.667840551832274,0.026832815729997475,256,4.0,0.9080474009608495,,1,478,1,exact,,,2,0.0002051781072075529,,,,0.013608666999061825,cc6a0b350e8d208badbdc56c30665ff27cef086a
dv3-B-lgcp-330016,3,B,lgcp,330016,33,,16,3:2:5:330016,,test,23,500.0,,,,,,,,,1.0935350931798347,0.6,,,,,,,5.667840551832274,0.026832815729997475,256,4.0,0.9080474009608495,,1,505,1,exact,,,2,0.0002051781072075529,,,,0.01656145800006925,c9d287e0ff4049279f5c38ae410eb3f857721257
dv3-B-lgcp-330017,3,B,lgcp,330017,33,,17,3:2:5:330017,,test,23,500.0,,,,,,,,,1.0935350931798347,0.6,,,,,,,5.667840551832274,0.026832815729997475,256,4.0,0.9080474009608495,,1,503,1,exact,,,2,0.0002051781072075529,,,,0.022883166999235982,a647bc220936d8d758e94e18c4e22ece526ec986
dv3-B-lgcp-330018,3,B,lgcp,330018,33,,18,3:2:5:330018,,test,23,500.0,,,,,,,,,1.0935350931798347,0.6,,,,,,,5.667840551832274,0.026832815729997475,256,4.0,0.9080474009608495,,1,598,1,exact,,,2,0.0002051781072075529,,,,0.017170625000289874,2b548c675a7bedd731f84f4810f13d2f2e2462bb
dv3-B-lgcp-330019,3,B,lgcp,330019,33,,19,3:2:5:330019,,test,23,500.0,,,,,,,,,1.0935350931798347,0.6,,,,,,,5.667840551832274,0.026832815729997475,256,4.0,0.9080474009608495,,1,554,1,exact,,,2,0.0002051781072075529,,,,0.01855937500295113,aea70f78fd0c5ec3db667f86d30862d5406e1435
dv3-B-lgcp-330020,3,B,lgcp,330020,33,,20,3:2:5:330020,,test,23,500.0,,,,,,,,,1.0935350931798347,0.6,,,,,,,5.667840551832274,0.026832815729997475,256,4.0,0.9080474009608495,,1,498,1,exact,,,2,0.0002051781072075529,,,,0.01517187500212458,e460ed53a8b2ad1c2545775fe43bddf18b5d6936
dv3-B-lgcp-330021,3,B,lgcp,330021,33,,21,3:2:5:330021,,test,23,500.0,,,,,,,,,1.0935350931798347,0.6,,,,,,,5.667840551832274,0.026832815729997475,256,4.0,0.9080474009608495,,1,451,1,exact,,,2,0.0002051781072075529,,,,0.019037375001062173,4cd448e8cba537a6c7dfa692eebb15aa5b561c2c
dv3-B-lgcp-330022,3,B,lgcp,330022,33,,22,3:2:5:330022,,test,23,500.0,,,,,,,,,1.0935350931798347,0.6,,,,,,,5.667840551832274,0.026832815729997475,256,4.0,0.9080474009608495,,1,497,1,exact,,,2,0.0002051781072075529,,,,0.020626917001209222,fb5dccb6828e56ba76726279eccb12b807496293
dv3-B-lgcp-330023,3,B,lgcp,330023,33,,23,3:2:5:330023,,test,23,500.0,,,,,,,,,1.0935350931798347,0.6,,,,,,,5.667840551832274,0.026832815729997475,256,4.0,0.9080474009608495,,1,461,1,exact,,,2,0.0002051781072075529,,,,0.021563207999861334,19bcff7475e89183f9319947e6335b76fcf36914
dv3-B-lgcp-330024,3,B,lgcp,330024,33,,24,3:2:5:330024,,test,23,500.0,,,,,,,,,1.0935350931798347,0.6,,,,,,,5.667840551832274,0.026832815729997475,256,4.0,0.9080474009608495,,1,525,1,exact,,,2,0.0002051781072075529,,,,0.017327624998870306,ef3ad56a42e176ab0d5b51f8c7ac496b9769d257
dv3-B-lgcp-330025,3,B,lgcp,330025,33,,25,3:2:5:330025,,test,23,500.0,,,,,,,,,1.0935350931798347,0.6,,,,,,,5.667840551832274,0.026832815729997475,256,4.0,0.9080474009608495,,1,499,1,exact,,,2,0.0002051781072075529,,,,0.012374500001897104,a8c41ab2ed1ce62d265fe303cea8a3f8f15655c0
dv3-B-lgcp-330026,3,B,lgcp,330026,33,,26,3:2:5:330026,,test,23,500.0,,,,,,,,,1.0935350931798347,0.6,,,,,,,5.667840551832274,0.026832815729997475,256,4.0,0.9080474009608495,,1,488,1,exact,,,2,0.0002051781072075529,,,,0.01868829200248001,7f6c5ac8cf9e3db96573e2e472bfd77e4cb44a0d
dv3-B-lgcp-330027,3,B,lgcp,330027,33,,27,3:2:5:330027,,test,23,500.0,,,,,,,,,1.0935350931798347,0.6,,,,,,,5.667840551832274,0.026832815729997475,256,4.0,0.9080474009608495,,1,494,1,exact,,,2,0.0002051781072075529,,,,0.019237333002820378,cc5ae0090eca2c27239ed2c127d8b6f7e809853e
dv3-B-lgcp-330028,3,B,lgcp,330028,33,,28,3:2:5:330028,,test,23,500.0,,,,,,,,,1.0935350931798347,0.6,,,,,,,5.667840551832274,0.026832815729997475,256,4.0,0.9080474009608495,,1,561,1,exact,,,2,0.0002051781072075529,,,,0.01663337500212947,bb23f2cc592f01cb94e4d20c76f0b5673cb0041c
dv3-B-lgcp-330029,3,B,lgcp,330029,33,,29,3:2:5:330029,,test,23,500.0,,,,,,,,,1.0935350931798347,0.6,,,,,,,5.667840551832274,0.026832815729997475,256,4.0,0.9080474009608495,,1,534,1,exact,,,2,0.0002051781072075529,,,,0.018090582998411264,5d5f1dc3712fbf702add492177e1027a586e3c91
dv3-B-lgcp-330030,3,B,lgcp,330030,33,,30,3:2:5:330030,,test,23,500.0,,,,,,,,,1.0935350931798347,0.6,,,,,,,5.667840551832274,0.026832815729997475,256,4.0,0.9080474009608495,,1,496,1,exact,,,2,0.0002051781072075529,,,,0.015427417001774302,31f7d2ebf6845976dd0b0d0cbf42afe4f81dd483
dv3-B-lgcp-330031,3,B,lgcp,330031,33,,31,3:2:5:330031,,test,23,500.0,,,,,,,,,1.0935350931798347,0.6,,,,,,,5.667840551832274,0.026832815729997475,256,4.0,0.9080474009608495,,1,471,1,exact,,,2,0.0002051781072075529,,,,0.019575292000808986,b640d036b7a38e48bfc2704c6a23d21f937c1651
dv3-B-lgcp-330032,3,B,lgcp,330032,33,,32,3:2:5:330032,,test,23,500.0,,,,,,,,,1.0935350931798347,0.6,,,,,,,5.667840551832274,0.026832815729997475,256,4.0,0.9080474009608495,,1,530,1,exact,,,2,0.0002051781072075529,,,,0.019032874999538762,d3ce7d366c84d9c7d7c88e88f1e8333aede4eff8
dv3-B-lgcp-330033,3,B,lgcp,330033,33,,33,3:2:5:330033,,test,23,500.0,,,,,,,,,1.0935350931798347,0.6,,,,,,,5.667840551832274,0.026832815729997475,256,4.0,0.9080474009608495,,1,554,1,exact,,,2,0.0002051781072075529,,,,0.020434457997907884,17d54e1d298a0d196a03130ac14574563a13b814
dv3-B-lgcp-330034,3,B,lgcp,330034,33,,34,3:2:5:330034,,test,23,500.0,,,,,,,,,1.0935350931798347,0.6,,,,,,,5.667840551832274,0.026832815729997475,256,4.0,0.9080474009608495,,1,495,1,exact,,,2,0.0002051781072075529,,,,0.01699904199995217,9b3a009ad355b7a3946d8e4cf29a7098b1bce145
dv3-B-lgcp-330035,3,B,lgcp,330035,33,,35,3:2:5:330035,,test,23,500.0,,,,,,,,,1.0935350931798347,0.6,,,,,,,5.667840551832274,0.026832815729997475,256,4.0,0.9080474009608495,,1,454,1,exact,,,2,0.0002051781072075529,,,,0.018110958000761457,ff1365278a706d7fe4b3797841dbf95908d98be8
dv3-B-lgcp-330036,3,B,lgcp,330036,33,,36,3:2:5:330036,,test,23,500.0,,,,,,,,,1.0935350931798347,0.6,,,,,,,5.667840551832274,0.026832815729997475,256,4.0,0.9080474009608495,,1,503,1,exact,,,2,0.0002051781072075529,,,,0.017162957999971695,19ca96ece9733552c385ccbcdff924af0f82c89a
dv3-B-lgcp-330037,3,B,lgcp,330037,33,,37,3:2:5:330037,,test,23,500.0,,,,,,,,,1.0935350931798347,0.6,,,,,,,5.667840551832274,0.026832815729997475,256,4.0,0.9080474009608495,,1,463,1,exact,,,2,0.0002051781072075529,,,,0.017736500001774402,15bf0caf2d4fe93e508027eb90660188318fd1e4
dv3-B-lgcp-330038,3,B,lgcp,330038,33,,38,3:2:5:330038,,test,23,500.0,,,,,,,,,1.0935350931798347,0.6,,,,,,,5.667840551832274,0.026832815729997475,256,4.0,0.9080474009608495,,1,470,1,exact,,,2,0.0002051781072075529,,,,0.015600957998685772,48a3e60a2acb7acd1d53daf6eb4a627bb77c2e5c
dv3-B-lgcp-330039,3,B,lgcp,330039,33,,39,3:2:5:330039,,test,23,500.0,,,,,,,,,1.0935350931798347,0.6,,,,,,,5.667840551832274,0.026832815729997475,256,4.0,0.9080474009608495,,1,562,1,exact,,,2,0.0002051781072075529,,,,0.01830304200120736,d214b2a2947b08a6941b519a4c4f2c5bd3e733ef
dv3-B-lgcp-330040,3,B,lgcp,330040,33,,40,3:2:5:330040,,test,23,500.0,,,,,,,,,1.0935350931798347,0.6,,,,,,,5.667840551832274,0.026832815729997475,256,4.0,0.9080474009608495,,1,580,1,exact,,,2,0.0002051781072075529,,,,0.016714249999495223,3927cf28c7bca0447e5eb19e4b814ed9d997fda5
dv3-B-lgcp-330041,3,B,lgcp,330041,33,,41,3:2:5:330041,,test,23,500.0,,,,,,,,,1.0935350931798347,0.6,,,,,,,5.667840551832274,0.026832815729997475,256,4.0,0.9080474009608495,,1,481,1,exact,,,2,0.0002051781072075529,,,,0.019379416000447236,596d4967a8c1e5b2446a9986d7b2b793d7e160ae
dv3-B-lgcp-330042,3,B,lgcp,330042,33,,42,3:2:5:330042,,test,23,500.0,,,,,,,,,1.0935350931798347,0.6,,,,,,,5.667840551832274,0.026832815729997475,256,4.0,0.9080474009608495,,1,490,1,exact,,,2,0.0002051781072075529,,,,0.023206709000078263,050ec62f3c10e569a4d48f647e891800ca7267f6
dv3-B-lgcp-330043,3,B,lgcp,330043,33,,43,3:2:5:330043,,test,23,500.0,,,,,,,,,1.0935350931798347,0.6,,,,,,,5.667840551832274,0.026832815729997475,256,4.0,0.9080474009608495,,1,511,1,exact,,,2,0.0002051781072075529,,,,0.01925370800017845,52c58e796c3f89bd668b2da91814f4e14e095891
dv3-B-lgcp-330044,3,B,lgcp,330044,33,,44,3:2:5:330044,,test,23,500.0,,,,,,,,,1.0935350931798347,0.6,,,,,,,5.667840551832274,0.026832815729997475,256,4.0,0.9080474009608495,,1,492,1,exact,,,2,0.0002051781072075529,,,,0.018956709001940908,d0d796488986d4f0748c6e46f49073ce0f9ecfb0
dv3-B-lgcp-330045,3,B,lgcp,330045,33,,45,3:2:5:330045,,test,23,500.0,,,,,,,,,1.0935350931798347,0.6,,,,,,,5.667840551832274,0.026832815729997475,256,4.0,0.9080474009608495,,1,458,1,exact,,,2,0.0002051781072075529,,,,0.01719795800090651,2789da3d457b8206c6d46cb35777b5c207d2e277
dv3-B-lgcp-330046,3,B,lgcp,330046,33,,46,3:2:5:330046,,test,23,500.0,,,,,,,,,1.0935350931798347,0.6,,,,,,,5.667840551832274,0.026832815729997475,256,4.0,0.9080474009608495,,1,409,1,exact,,,2,0.0002051781072075529,,,,0.015568625000014435,718ae02a77cf1c5ecf89f4c9fd8faf87a784c932
dv3-B-lgcp-330047,3,B,lgcp,330047,33,,47,3:2:5:330047,,test,23,500.0,,,,,,,,,1.0935350931798347,0.6,,,,,,,5.667840551832274,0.026832815729997475,256,4.0,0.9080474009608495,,1,458,1,exact,,,2,0.0002051781072075529,,,,0.01743512500252109,7997854d79259e9e8ca77b2dbcabc7651091956f
dv3-B-lgcp-330048,3,B,lgcp,330048,33,,48,3:2:5:330048,,test,23,500.0,,,,,,,,,1.0935350931798347,0.6,,,,,,,5.667840551832274,0.026832815729997475,256,4.0,0.9080474009608495,,1,438,1,exact,,,2,0.0002051781072075529,,,,0.01736041600088356,c42aea70ae811a392367b7f25cf413cc14186e4f
dv3-B-lgcp-330049,3,B,lgcp,330049,33,,49,3:2:5:330049,,test,23,500.0,,,,,,,,,1.0935350931798347,0.6,,,,,,,5.667840551832274,0.026832815729997475,256,4.0,0.9080474009608495,,1,440,1,exact,,,2,0.0002051781072075529,,,,0.01680708300045808,519506d46b7258d11b87921dd8359c93cc43ed0d
dv3-B-lgcp-330050,3,B,lgcp,330050,33,,50,3:2:5:330050,,test,23,500.0,,,,,,,,,1.0935350931798347,0.6,,,,,,,5.667840551832274,0.026832815729997475,256,4.0,0.9080474009608495,,1,566,1,exact,,,2,0.0002051781072075529,,,,0.019443124998360872,4415eb0dc1b016e48b489062fef1ebecc401d8aa
dv3-B-lgcp-330051,3,B,lgcp,330051,33,,51,3:2:5:330051,,test,23,500.0,,,,,,,,,1.0935350931798347,0.6,,,,,,,5.667840551832274,0.026832815729997475,256,4.0,0.9080474009608495,,1,553,1,exact,,,2,0.0002051781072075529,,,,0.015247374998580199,33335e9ae416069710efdb246ed8d60865cc2f15
dv3-B-lgcp-330052,3,B,lgcp,330052,33,,52,3:2:5:330052,,test,23,500.0,,,,,,,,,1.0935350931798347,0.6,,,,,,,5.667840551832274,0.026832815729997475,256,4.0,0.9080474009608495,,1,446,1,exact,,,2,0.0002051781072075529,,,,0.018689166998228757,b6eb0f3b0853d9c4bf25d35896c69a00d35a6cf1
dv3-B-lgcp-330053,3,B,lgcp,330053,33,,53,3:2:5:330053,,test,23,500.0,,,,,,,,,1.0935350931798347,0.6,,,,,,,5.667840551832274,0.026832815729997475,256,4.0,0.9080474009608495,,1,468,1,exact,,,2,0.0002051781072075529,,,,0.016004749999410706,789e4efafda70802c3c56d0f73b98dc8808fc77e
dv3-B-lgcp-330054,3,B,lgcp,330054,33,,54,3:2:5:330054,,test,23,500.0,,,,,,,,,1.0935350931798347,0.6,,,,,,,5.667840551832274,0.026832815729997475,256,4.0,0.9080474009608495,,1,501,1,exact,,,2,0.0002051781072075529,,,,0.015272582997567952,d2d31b22970c56865c95dea37d1c1357d833c96c
dv3-B-lgcp-330055,3,B,lgcp,330055,33,,55,3:2:5:330055,,test,23,500.0,,,,,,,,,1.0935350931798347,0.6,,,,,,,5.667840551832274,0.026832815729997475,256,4.0,0.9080474009608495,,1,448,1,exact,,,2,0.0002051781072075529,,,,0.018355000000155997,e72092b65ac1cb298273d00287e36edf49d99573
dv3-B-lgcp-330056,3,B,lgcp,330056,33,,56,3:2:5:330056,,test,23,500.0,,,,,,,,,1.0935350931798347,0.6,,,,,,,5.667840551832274,0.026832815729997475,256,4.0,0.9080474009608495,,1,545,1,exact,,,2,0.0002051781072075529,,,,0.01513104200057569,5d3ed1421f4ab659e8d274cc7f8b32f70e1eaf83
dv3-B-lgcp-330057,3,B,lgcp,330057,33,,57,3:2:5:330057,,test,23,500.0,,,,,,,,,1.0935350931798347,0.6,,,,,,,5.667840551832274,0.026832815729997475,256,4.0,0.9080474009608495,,1,505,1,exact,,,2,0.0002051781072075529,,,,0.01199612500204239,c3367056ae76f49a04ae9ada482b8adaf5e7812f
dv3-B-lgcp-330058,3,B,lgcp,330058,33,,58,3:2:5:330058,,test,23,500.0,,,,,,,,,1.0935350931798347,0.6,,,,,,,5.667840551832274,0.026832815729997475,256,4.0,0.9080474009608495,,1,486,1,exact,,,2,0.0002051781072075529,,,,0.01567679200161365,db677d91e1aeb196bba4629de7d6077b24c8a0ef
dv3-B-lgcp-330059,3,B,lgcp,330059,33,,59,3:2:5:330059,,test,23,500.0,,,,,,,,,1.0935350931798347,0.6,,,,,,,5.667840551832274,0.026832815729997475,256,4.0,0.9080474009608495,,1,511,1,exact,,,2,0.0002051781072075529,,,,0.015113374996872153,f466466ba2126a31504e47ad1de4940ed923b9a3
dv3-B-lgcp-330060,3,B,lgcp,330060,33,,60,3:2:5:330060,,test,23,500.0,,,,,,,,,1.0935350931798347,0.6,,,,,,,5.667840551832274,0.026832815729997475,256,4.0,0.9080474009608495,,1,435,1,exact,,,2,0.0002051781072075529,,,,0.012263749998965068,201ad5d1dcc24f27150a43ab2f67346d59c90ae7
dv3-B-lgcp-330061,3,B,lgcp,330061,33,,61,3:2:5:330061,,test,23,500.0,,,,,,,,,1.0935350931798347,0.6,,,,,,,5.667840551832274,0.026832815729997475,256,4.0,0.9080474009608495,,1,467,1,exact,,,2,0.0002051781072075529,,,,0.01822179200098617,f1f85de133c44b4faa865638e912ecc1e961acf5
dv3-B-lgcp-330062,3,B,lgcp,330062,33,,62,3:2:5:330062,,test,23,500.0,,,,,,,,,1.0935350931798347,0.6,,,,,,,5.667840551832274,0.026832815729997475,256,4.0,0.9080474009608495,,1,467,1,exact,,,2,0.0002051781072075529,,,,0.01561204099925817,50d9154c57cfc3f5e8b1c8613e6b2828ee0305f4
dv3-B-lgcp-330063,3,B,lgcp,330063,33,,63,3:2:5:330063,,test,23,500.0,,,,,,,,,1.0935350931798347,0.6,,,,,,,5.667840551832274,0.026832815729997475,256,4.0,0.9080474009608495,,1,405,1,exact,,,2,0.0002051781072075529,,,,0.0211234170019452,21d3f5660dd06e584c483acb2823bc240a98bf1e
dv3-B-lgcp-330064,3,B,lgcp,330064,33,,64,3:2:5:330064,,test,23,500.0,,,,,,,,,1.0935350931798347,0.6,,,,,,,5.667840551832274,0.026832815729997475,256,4.0,0.9080474009608495,,1,457,1,exact,,,2,0.0002051781072075529,,,,0.014284584001870826,980d75ff40c4c3e0013a4cbdb518c945a1e82f8d
dv3-B-lgcp-330065,3,B,lgcp,330065,33,,65,3:2:5:330065,,test,23,500.0,,,,,,,,,1.0935350931798347,0.6,,,,,,,5.667840551832274,0.026832815729997475,256,4.0,0.9080474009608495,,1,381,1,exact,,,2,0.0002051781072075529,,,,0.013838875001965789,f4728b25674a1fa460a214d078794a37df8aa566
dv3-B-lgcp-330066,3,B,lgcp,330066,33,,66,3:2:5:330066,,test,23,500.0,,,,,,,,,1.0935350931798347,0.6,,,,,,,5.667840551832274,0.026832815729997475,256,4.0,0.9080474009608495,,1,558,1,exact,,,2,0.0002051781072075529,,,,0.015807333002157975,b51dc7254924caa997913bbbba908d107766508f
dv3-B-lgcp-330067,3,B,lgcp,330067,33,,67,3:2:5:330067,,test,23,500.0,,,,,,,,,1.0935350931798347,0.6,,,,,,,5.667840551832274,0.026832815729997475,256,4.0,0.9080474009608495,,1,472,1,exact,,,2,0.0002051781072075529,,,,0.014664665999589488,99572efae48c35aabf1d5bfaaa06fef43cb2224c
dv3-B-lgcp-330068,3,B,lgcp,330068,33,,68,3:2:5:330068,,test,23,500.0,,,,,,,,,1.0935350931798347,0.6,,,,,,,5.667840551832274,0.026832815729997475,256,4.0,0.9080474009608495,,1,511,1,exact,,,2,0.0002051781072075529,,,,0.014852332998998463,2379d7daffeb80bca4225311572ef8e051fc1c2c
dv3-B-lgcp-330069,3,B,lgcp,330069,33,,69,3:2:5:330069,,test,23,500.0,,,,,,,,,1.0935350931798347,0.6,,,,,,,5.667840551832274,0.026832815729997475,256,4.0,0.9080474009608495,,1,524,1,exact,,,2,0.0002051781072075529,,,,0.016894500000489643,836a5cc7a279601cab737bdd82b6fa7c20e7e1ad
dv3-B-lgcp-330070,3,B,lgcp,330070,33,,70,3:2:5:330070,,test,23,500.0,,,,,,,,,1.0935350931798347,0.6,,,,,,,5.667840551832274,0.026832815729997475,256,4.0,0.9080474009608495,,1,489,1,exact,,,2,0.0002051781072075529,,,,0.015889250000327593,a5d9fe1e1ffd77d2def6569c7d3b513503575370
dv3-B-lgcp-330071,3,B,lgcp,330071,33,,71,3:2:5:330071,,test,23,500.0,,,,,,,,,1.0935350931798347,0.6,,,,,,,5.667840551832274,0.026832815729997475,256,4.0,0.9080474009608495,,1,463,1,exact,,,2,0.0002051781072075529,,,,0.015553249999356922,8cb88d6fe1a85058149a9894ee933f3f3de7e83f
dv3-B-lgcp-330072,3,B,lgcp,330072,33,,72,3:2:5:330072,,test,23,500.0,,,,,,,,,1.0935350931798347,0.6,,,,,,,5.667840551832274,0.026832815729997475,256,4.0,0.9080474009608495,,1,651,1,exact,,,2,0.0002051781072075529,,,,0.015915749998384854,b8e98a24e97b92e17a9a07e7355baa795cd419ef
dv3-B-lgcp-330073,3,B,lgcp,330073,33,,73,3:2:5:330073,,test,23,500.0,,,,,,,,,1.0935350931798347,0.6,,,,,,,5.667840551832274,0.026832815729997475,256,4.0,0.9080474009608495,,1,414,1,exact,,,2,0.0002051781072075529,,,,0.01754566599993268,d566dde9b9065f586aed503a0b35b0da6d25e947
dv3-B-lgcp-330074,3,B,lgcp,330074,33,,74,3:2:5:330074,,test,23,500.0,,,,,,,,,1.0935350931798347,0.6,,,,,,,5.667840551832274,0.026832815729997475,256,4.0,0.9080474009608495,,1,500,1,exact,,,2,0.0002051781072075529,,,,0.014266958001826424,a72474a7ac4f8ce9ee7c43a9e6c559cdfdda80e5
dv3-B-lgcp-330075,3,B,lgcp,330075,33,,75,3:2:5:330075,,test,23,500.0,,,,,,,,,1.0935350931798347,0.6,,,,,,,5.667840551832274,0.026832815729997475,256,4.0,0.9080474009608495,,1,570,1,exact,,,2,0.0002051781072075529,,,,0.020764749999216292,d123fc352d34cd6ec5aefba8f52fd3249f300b24
dv3-B-lgcp-330076,3,B,lgcp,330076,33,,76,3:2:5:330076,,test,23,500.0,,,,,,,,,1.0935350931798347,0.6,,,,,,,5.667840551832274,0.026832815729997475,256,4.0,0.9080474009608495,,1,468,1,exact,,,2,0.0002051781072075529,,,,0.016509166001924314,5856eb608645a572404c35a252d71cee39863322
dv3-B-lgcp-330077,3,B,lgcp,330077,33,,77,3:2:5:330077,,test,23,500.0,,,,,,,,,1.0935350931798347,0.6,,,,,,,5.667840551832274,0.026832815729997475,256,4.0,0.9080474009608495,,1,435,1,exact,,,2,0.0002051781072075529,,,,0.017903041996760294,118dbf65557fdd02f5b86adee1f21b5a79ba660d
dv3-B-lgcp-330078,3,B,lgcp,330078,33,,78,3:2:5:330078,,test,23,500.0,,,,,,,,,1.0935350931798347,0.6,,,,,,,5.667840551832274,0.026832815729997475,256,4.0,0.9080474009608495,,1,462,1,exact,,,2,0.0002051781072075529,,,,0.024100917002215283,c393b302f8488c7489cc93135a1b80e7ee15d585
dv3-B-lgcp-330079,3,B,lgcp,330079,33,,79,3:2:5:330079,,test,23,500.0,,,,,,,,,1.0935350931798347,0.6,,,,,,,5.667840551832274,0.026832815729997475,256,4.0,0.9080474009608495,,1,517,1,exact,,,2,0.0002051781072075529,,,,0.023847374999604654,bcfe7db7a7a17261102f5aa39d2fbf58e83f817a
dv3-B-lgcp-330080,3,B,lgcp,330080,33,,80,3:2:5:330080,,test,23,500.0,,,,,,,,,1.0935350931798347,0.6,,,,,,,5.667840551832274,0.026832815729997475,256,4.0,0.9080474009608495,,1,407,1,exact,,,2,0.0002051781072075529,,,,0.024459709002258023,292060531ee80166d67150b97739d884b4cd7e8c
dv3-B-lgcp-330081,3,B,lgcp,330081,33,,81,3:2:5:330081,,test,23,500.0,,,,,,,,,1.0935350931798347,0.6,,,,,,,5.667840551832274,0.026832815729997475,256,4.0,0.9080474009608495,,1,458,1,exact,,,2,0.0002051781072075529,,,,0.025839666999672772,26d232ea833ef4a6b20851dac6b4cdd8f1ec63d1
dv3-B-lgcp-330082,3,B,lgcp,330082,33,,82,3:2:5:330082,,test,23,500.0,,,,,,,,,1.0935350931798347,0.6,,,,,,,5.667840551832274,0.026832815729997475,256,4.0,0.9080474009608495,,1,469,1,exact,,,2,0.0002051781072075529,,,,0.025894958002027124,fc3c9ee57a8a326f8dd568f3604af9c5373f8b0c
dv3-B-lgcp-330083,3,B,lgcp,330083,33,,83,3:2:5:330083,,test,23,500.0,,,,,,,,,1.0935350931798347,0.6,,,,,,,5.667840551832274,0.026832815729997475,256,4.0,0.9080474009608495,,1,528,1,exact,,,2,0.0002051781072075529,,,,0.022328625000227476,f0cd6ca11acd712ea6ccae5bd8f8f6ebd6775f3a
dv3-B-lgcp-330084,3,B,lgcp,330084,33,,84,3:2:5:330084,,test,23,500.0,,,,,,,,,1.0935350931798347,0.6,,,,,,,5.667840551832274,0.026832815729997475,256,4.0,0.9080474009608495,,1,565,1,exact,,,2,0.0002051781072075529,,,,0.021332749998691725,ead27f8c85f7260c99e8958daaa5ba303c11a1f1
dv3-B-lgcp-330085,3,B,lgcp,330085,33,,85,3:2:5:330085,,test,23,500.0,,,,,,,,,1.0935350931798347,0.6,,,,,,,5.667840551832274,0.026832815729997475,256,4.0,0.9080474009608495,,1,583,1,exact,,,2,0.0002051781072075529,,,,0.01665895900077885,b06fe0cf4c66f7e2098209a7cecdeef175cd6794
dv3-B-lgcp-330086,3,B,lgcp,330086,33,,86,3:2:5:330086,,test,23,500.0,,,,,,,,,1.0935350931798347,0.6,,,,,,,5.667840551832274,0.026832815729997475,256,4.0,0.9080474009608495,,1,547,1,exact,,,2,0.0002051781072075529,,,,0.023153750000346918,0b753cdb37544e37ba9b16b8f65288f4cefc78d6
dv3-B-lgcp-330087,3,B,lgcp,330087,33,,87,3:2:5:330087,,test,23,500.0,,,,,,,,,1.0935350931798347,0.6,,,,,,,5.667840551832274,0.026832815729997475,256,4.0,0.9080474009608495,,1,527,1,exact,,,2,0.0002051781072075529,,,,0.022690375000820495,e80b13b61137ae4956f25082901a7027dbdaeee7
dv3-B-lgcp-330088,3,B,lgcp,330088,33,,88,3:2:5:330088,,test,23,500.0,,,,,,,,,1.0935350931798347,0.6,,,,,,,5.667840551832274,0.026832815729997475,256,4.0,0.9080474009608495,,1,521,1,exact,,,2,0.0002051781072075529,,,,0.031505167000432266,5b1a1d8a9e28d4e620d2b1d0a64f2d6421e4735b
dv3-B-lgcp-330089,3,B,lgcp,330089,33,,89,3:2:5:330089,,test,23,500.0,,,,,,,,,1.0935350931798347,0.6,,,,,,,5.667840551832274,0.026832815729997475,256,4.0,0.9080474009608495,,1,437,1,exact,,,2,0.0002051781072075529,,,,0.03696333400148433,aa4582352f6824ebde59ac238b27becc98117b7d
dv3-B-lgcp-330090,3,B,lgcp,330090,33,,90,3:2:5:330090,,test,23,500.0,,,,,,,,,1.0935350931798347,0.6,,,,,,,5.667840551832274,0.026832815729997475,256,4.0,0.9080474009608495,,1,484,1,exact,,,2,0.0002051781072075529,,,,0.02002958299999591,db7e14928f3576172560a43df6aff004960c3fe4
dv3-B-lgcp-330091,3,B,lgcp,330091,33,,91,3:2:5:330091,,test,23,500.0,,,,,,,,,1.0935350931798347,0.6,,,,,,,5.667840551832274,0.026832815729997475,256,4.0,0.9080474009608495,,1,492,1,exact,,,2,0.0002051781072075529,,,,0.019080666999798268,c9d9326f3690f60eae54f1b073a30bd973edfcb2
dv3-B-lgcp-330092,3,B,lgcp,330092,33,,92,3:2:5:330092,,test,23,500.0,,,,,,,,,1.0935350931798347,0.6,,,,,,,5.667840551832274,0.026832815729997475,256,4.0,0.9080474009608495,,1,477,1,exact,,,2,0.0002051781072075529,,,,0.026039290998596698,0c6e1e97e30b9b5f213b33887eaf1aee113c3b99
dv3-B-lgcp-330093,3,B,lgcp,330093,33,,93,3:2:5:330093,,test,23,500.0,,,,,,,,,1.0935350931798347,0.6,,,,,,,5.667840551832274,0.026832815729997475,256,4.0,0.9080474009608495,,1,499,1,exact,,,2,0.0002051781072075529,,,,0.02503558299940778,cc404838c388d03c025a78fe45ff45df66c2abd6
dv3-B-lgcp-330094,3,B,lgcp,330094,33,,94,3:2:5:330094,,test,23,500.0,,,,,,,,,1.0935350931798347,0.6,,,,,,,5.667840551832274,0.026832815729997475,256,4.0,0.9080474009608495,,1,525,1,exact,,,2,0.0002051781072075529,,,,0.02453741700082901,1be5a4db9ed508aa76dd32a2e738890d77033d06
dv3-B-lgcp-330095,3,B,lgcp,330095,33,,95,3:2:5:330095,,test,23,500.0,,,,,,,,,1.0935350931798347,0.6,,,,,,,5.667840551832274,0.026832815729997475,256,4.0,0.9080474009608495,,1,496,1,exact,,,2,0.0002051781072075529,,,,0.024532791998353787,ca1193a034a7e303bd21a1c84cd79d49825d8809
dv3-B-lgcp-330096,3,B,lgcp,330096,33,,96,3:2:5:330096,,test,23,500.0,,,,,,,,,1.0935350931798347,0.6,,,,,,,5.667840551832274,0.026832815729997475,256,4.0,0.9080474009608495,,1,472,1,exact,,,2,0.0002051781072075529,,,,0.02935583299768041,c0264cdbc879e0c1bd8504bfb060f5695f581019
dv3-B-lgcp-330097,3,B,lgcp,330097,33,,97,3:2:5:330097,,test,23,500.0,,,,,,,,,1.0935350931798347,0.6,,,,,,,5.667840551832274,0.026832815729997475,256,4.0,0.9080474009608495,,1,539,1,exact,,,2,0.0002051781072075529,,,,0.020854165999480756,f0e8c4436c817f7cdc43db1f170680f6ec656402
dv3-B-lgcp-330098,3,B,lgcp,330098,33,,98,3:2:5:330098,,test,23,500.0,,,,,,,,,1.0935350931798347,0.6,,,,,,,5.667840551832274,0.026832815729997475,256,4.0,0.9080474009608495,,1,550,1,exact,,,2,0.0002051781072075529,,,,0.020129333999648225,523f21a97f637679f2e5f1adfd5ed4963ba1c73c
dv3-B-lgcp-330099,3,B,lgcp,330099,33,,99,3:2:5:330099,,test,23,500.0,,,,,,,,,1.0935350931798347,0.6,,,,,,,5.667840551832274,0.026832815729997475,256,4.0,0.9080474009608495,,1,429,1,exact,,,2,0.0002051781072075529,,,,0.01763991699772305,e0b13a0a8cb7feb834d8d7a2c2a149db148dcf0f
dv3-B-lgcp-330100,3,B,lgcp,330100,33,,100,3:2:5:330100,,test,23,500.0,,,,,,,,,1.0935350931798347,0.6,,,,,,,5.667840551832274,0.026832815729997475,256,4.0,0.9080474009608495,,1,492,1,exact,,,2,0.0002051781072075529,,,,0.021828749999258434,e6545cc07ff1493716f322fd92427342c39a8292
dv3-B-lgcp-330101,3,B,lgcp,330101,33,,101,3:2:5:330101,,test,23,500.0,,,,,,,,,1.0935350931798347,0.6,,,,,,,5.667840551832274,0.026832815729997475,256,4.0,0.9080474009608495,,1,525,1,exact,,,2,0.0002051781072075529,,,,0.019636958997580223,e962eb8b2e46c7157df176e7827e21752e38e1aa
dv3-B-lgcp-330102,3,B,lgcp,330102,33,,102,3:2:5:330102,,test,23,500.0,,,,,,,,,1.0935350931798347,0.6,,,,,,,5.667840551832274,0.026832815729997475,256,4.0,0.9080474009608495,,1,465,1,exact,,,2,0.0002051781072075529,,,,0.015821958000742598,65fad76411cf96d804a2d8e3aa8c5e5859b7d0f3
dv3-B-lgcp-330103,3,B,lgcp,330103,33,,103,3:2:5:330103,,test,23,500.0,,,,,,,,,1.0935350931798347,0.6,,,,,,,5.667840551832274,0.026832815729997475,256,4.0,0.9080474009608495,,1,518,1,exact,,,2,0.0002051781072075529,,,,0.02237795800101594,6da345aafda5644f0768f4f3c4852e5c5f717967
dv3-B-lgcp-330104,3,B,lgcp,330104,33,,104,3:2:5:330104,,test,23,500.0,,,,,,,,,1.0935350931798347,0.6,,,,,,,5.667840551832274,0.026832815729997475,256,4.0,0.9080474009608495,,1,572,1,exact,,,2,0.0002051781072075529,,,,0.016550083997572074,0840b312c4898f5c3ae1dde6a4ba7fbe383ceacf
dv3-B-lgcp-330105,3,B,lgcp,330105,33,,105,3:2:5:330105,,test,23,500.0,,,,,,,,,1.0935350931798347,0.6,,,,,,,5.667840551832274,0.026832815729997475,256,4.0,0.9080474009608495,,1,593,1,exact,,,2,0.0002051781072075529,,,,0.020827749998716172,e89ba0218b32e5934c67797de3de3d8557b9c5c6
dv3-B-lgcp-330106,3,B,lgcp,330106,33,,106,3:2:5:330106,,test,23,500.0,,,,,,,,,1.0935350931798347,0.6,,,,,,,5.667840551832274,0.026832815729997475,256,4.0,0.9080474009608495,,1,582,1,exact,,,2,0.0002051781072075529,,,,0.016145207999215927,21c806b2f1d836c9270c73eb66051c6c6f47cfe0
dv3-B-lgcp-330107,3,B,lgcp,330107,33,,107,3:2:5:330107,,test,23,500.0,,,,,,,,,1.0935350931798347,0.6,,,,,,,5.667840551832274,0.026832815729997475,256,4.0,0.9080474009608495,,1,492,1,exact,,,2,0.0002051781072075529,,,,0.02304100000037579,52fcd0f51468fe4ecc019261b733a1b7724872aa
dv3-B-lgcp-330108,3,B,lgcp,330108,33,,108,3:2:5:330108,,test,23,500.0,,,,,,,,,1.0935350931798347,0.6,,,,,,,5.667840551832274,0.026832815729997475,256,4.0,0.9080474009608495,,1,440,1,exact,,,2,0.0002051781072075529,,,,0.020077707999007544,36c652952bf6bcb229091650da8355416c9b8601
dv3-B-lgcp-330109,3,B,lgcp,330109,33,,109,3:2:5:330109,,test,23,500.0,,,,,,,,,1.0935350931798347,0.6,,,,,,,5.667840551832274,0.026832815729997475,256,4.0,0.9080474009608495,,1,506,1,exact,,,2,0.0002051781072075529,,,,0.020882166998489993,f81d5854e132dbb53c8a114c2dd178d399f89854
dv3-B-lgcp-330110,3,B,lgcp,330110,33,,110,3:2:5:330110,,test,23,500.0,,,,,,,,,1.0935350931798347,0.6,,,,,,,5.667840551832274,0.026832815729997475,256,4.0,0.9080474009608495,,1,437,1,exact,,,2,0.0002051781072075529,,,,0.02086549999876297,d380d1077e1b9d30fe9261bb5c444733a62144c8
dv3-B-lgcp-330111,3,B,lgcp,330111,33,,111,3:2:5:330111,,test,23,500.0,,,,,,,,,1.0935350931798347,0.6,,,,,,,5.667840551832274,0.026832815729997475,256,4.0,0.9080474009608495,,1,428,1,exact,,,2,0.0002051781072075529,,,,0.016775833002611762,b729219f6e673cd2a33e4bac8e7ff7259c27bd5e
dv3-B-lgcp-330112,3,B,lgcp,330112,33,,112,3:2:5:330112,,test,23,500.0,,,,,,,,,1.0935350931798347,0.6,,,,,,,5.667840551832274,0.026832815729997475,256,4.0,0.9080474009608495,,1,528,1,exact,,,2,0.0002051781072075529,,,,0.02054008400227758,d8ddba441e0e1a3db734833fabfe2f5a8d5a3cf8
dv3-B-lgcp-330113,3,B,lgcp,330113,33,,113,3:2:5:330113,,test,23,500.0,,,,,,,,,1.0935350931798347,0.6,,,,,,,5.667840551832274,0.026832815729997475,256,4.0,0.9080474009608495,,1,568,1,exact,,,2,0.0002051781072075529,,,,0.019549291999283014,f8d6bb589113956b4a37a65e6bdc9bd163e63bb1
dv3-B-lgcp-330114,3,B,lgcp,330114,33,,114,3:2:5:330114,,test,23,500.0,,,,,,,,,1.0935350931798347,0.6,,,,,,,5.667840551832274,0.026832815729997475,256,4.0,0.9080474009608495,,1,526,1,exact,,,2,0.0002051781072075529,,,,0.01816704099837807,7a1cbd41ce08a2d333e126000cb251b8025841ad
dv3-B-lgcp-330115,3,B,lgcp,330115,33,,115,3:2:5:330115,,test,23,500.0,,,,,,,,,1.0935350931798347,0.6,,,,,,,5.667840551832274,0.026832815729997475,256,4.0,0.9080474009608495,,1,494,1,exact,,,2,0.0002051781072075529,,,,0.013747832999797538,237f5ea6072300ce395444bb120a72a880e7c72c
dv3-B-lgcp-330116,3,B,lgcp,330116,33,,116,3:2:5:330116,,test,23,500.0,,,,,,,,,1.0935350931798347,0.6,,,,,,,5.667840551832274,0.026832815729997475,256,4.0,0.9080474009608495,,1,489,1,exact,,,2,0.0002051781072075529,,,,0.020320958999946015,55d778ffb2dda982882e6285688d6ee3cefd2c6b
dv3-B-lgcp-330117,3,B,lgcp,330117,33,,117,3:2:5:330117,,test,23,500.0,,,,,,,,,1.0935350931798347,0.6,,,,,,,5.667840551832274,0.026832815729997475,256,4.0,0.9080474009608495,,1,492,1,exact,,,2,0.0002051781072075529,,,,0.014694041001348523,9acaaafdc935715a2125e152a4091814bf2f5039
dv3-B-lgcp-330118,3,B,lgcp,330118,33,,118,3:2:5:330118,,test,23,500.0,,,,,,,,,1.0935350931798347,0.6,,,,,,,5.667840551832274,0.026832815729997475,256,4.0,0.9080474009608495,,1,524,1,exact,,,2,0.0002051781072075529,,,,0.021860124998056563,121f68808d5f89a9471b7a474d17540eae9a210a
dv3-B-lgcp-330119,3,B,lgcp,330119,33,,119,3:2:5:330119,,test,23,500.0,,,,,,,,,1.0935350931798347,0.6,,,,,,,5.667840551832274,0.026832815729997475,256,4.0,0.9080474009608495,,1,436,1,exact,,,2,0.0002051781072075529,,,,0.019444957997620804,8367b9aa1082cf0dcae9db0d044410003cd5ad32
dv3-B-lgcp-330120,3,B,lgcp,330120,33,,120,3:2:5:330120,,test,23,500.0,,,,,,,,,1.0935350931798347,0.6,,,,,,,5.667840551832274,0.026832815729997475,256,4.0,0.9080474009608495,,1,431,1,exact,,,2,0.0002051781072075529,,,,0.018920709000667557,dd1015a785b0589a3df9188edae1ad3f6b21628e
dv3-B-lgcp-330121,3,B,lgcp,330121,33,,121,3:2:5:330121,,test,23,500.0,,,,,,,,,1.0935350931798347,0.6,,,,,,,5.667840551832274,0.026832815729997475,256,4.0,0.9080474009608495,,1,515,1,exact,,,2,0.0002051781072075529,,,,0.019705375001649372,87a153c02fcc73e35597412c47ee2411f16fed10
dv3-B-lgcp-330122,3,B,lgcp,330122,33,,122,3:2:5:330122,,test,23,500.0,,,,,,,,,1.0935350931798347,0.6,,,,,,,5.667840551832274,0.026832815729997475,256,4.0,0.9080474009608495,,1,558,1,exact,,,2,0.0002051781072075529,,,,0.021119417000591056,1dc65719168b898159c7591f2766e961f6c12d29
dv3-B-lgcp-330123,3,B,lgcp,330123,33,,123,3:2:5:330123,,test,23,500.0,,,,,,,,,1.0935350931798347,0.6,,,,,,,5.667840551832274,0.026832815729997475,256,4.0,0.9080474009608495,,1,500,1,exact,,,2,0.0002051781072075529,,,,0.017687040999589954,c764102dee42dd7f566b10e685e90a230ff00261
dv3-B-lgcp-330124,3,B,lgcp,330124,33,,124,3:2:5:330124,,test,23,500.0,,,,,,,,,1.0935350931798347,0.6,,,,,,,5.667840551832274,0.026832815729997475,256,4.0,0.9080474009608495,,1,500,1,exact,,,2,0.0002051781072075529,,,,0.01958270800241735,969fcf5f987cbfcc6617bb2e7623f5d5cfc7add4
dv3-B-lgcp-330125,3,B,lgcp,330125,33,,125,3:2:5:330125,,test,23,500.0,,,,,,,,,1.0935350931798347,0.6,,,,,,,5.667840551832274,0.026832815729997475,256,4.0,0.9080474009608495,,1,432,1,exact,,,2,0.0002051781072075529,,,,0.01825591700253426,875be8153d052a87d5da0cc07d05567c0fabb903
dv3-B-lgcp-330126,3,B,lgcp,330126,33,,126,3:2:5:330126,,test,23,500.0,,,,,,,,,1.0935350931798347,0.6,,,,,,,5.667840551832274,0.026832815729997475,256,4.0,0.9080474009608495,,1,526,1,exact,,,2,0.0002051781072075529,,,,0.02033441599996877,d059d2a716db2d5a349712ce93b5553bbd43cdb5
dv3-B-lgcp-330127,3,B,lgcp,330127,33,,127,3:2:5:330127,,test,23,500.0,,,,,,,,,1.0935350931798347,0.6,,,,,,,5.667840551832274,0.026832815729997475,256,4.0,0.9080474009608495,,1,510,1,exact,,,2,0.0002051781072075529,,,,0.020675166000728495,dc5d6b6a52d61b0b0665139b4a9c05aa34939acd
dv3-B-lgcp-330128,3,B,lgcp,330128,33,,128,3:2:5:330128,,test,23,500.0,,,,,,,,,1.0935350931798347,0.6,,,,,,,5.667840551832274,0.026832815729997475,256,4.0,0.9080474009608495,,1,507,1,exact,,,2,0.0002051781072075529,,,,0.020190416998957517,3e58d0ad09a54e995f550057869baffe919ebfc2
dv3-B-lgcp-330129,3,B,lgcp,330129,33,,129,3:2:5:330129,,test,23,500.0,,,,,,,,,1.0935350931798347,0.6,,,,,,,5.667840551832274,0.026832815729997475,256,4.0,0.9080474009608495,,1,461,1,exact,,,2,0.0002051781072075529,,,,0.01718612499826122,95d67d8d1c2471e7c8a7d4b6a98d46f6b9e2e2f0
dv3-B-lgcp-330130,3,B,lgcp,330130,33,,130,3:2:5:330130,,test,23,500.0,,,,,,,,,1.0935350931798347,0.6,,,,,,,5.667840551832274,0.026832815729997475,256,4.0,0.9080474009608495,,1,535,1,exact,,,2,0.0002051781072075529,,,,0.02078616699873237,fda5aea72c902d478f822081dc8253daba40d2b8
dv3-B-lgcp-330131,3,B,lgcp,330131,33,,131,3:2:5:330131,,test,23,500.0,,,,,,,,,1.0935350931798347,0.6,,,,,,,5.667840551832274,0.026832815729997475,256,4.0,0.9080474009608495,,1,512,1,exact,,,2,0.0002051781072075529,,,,0.015400041000248166,0b926eccb15efe3d3d4e037a28b37a5a21b1e014
dv3-B-lgcp-330132,3,B,lgcp,330132,33,,132,3:2:5:330132,,test,23,500.0,,,,,,,,,1.0935350931798347,0.6,,,,,,,5.667840551832274,0.026832815729997475,256,4.0,0.9080474009608495,,1,437,1,exact,,,2,0.0002051781072075529,,,,0.02047879200108582,74c2356914e2e1ff51bae94c0d15386fd65bf8a9
dv3-B-lgcp-330133,3,B,lgcp,330133,33,,133,3:2:5:330133,,test,23,500.0,,,,,,,,,1.0935350931798347,0.6,,,,,,,5.667840551832274,0.026832815729997475,256,4.0,0.9080474009608495,,1,466,1,exact,,,2,0.0002051781072075529,,,,0.0177458750004007,431b38b805fa47c30ef880f48d6fe505ee32b226
dv3-B-lgcp-330134,3,B,lgcp,330134,33,,134,3:2:5:330134,,test,23,500.0,,,,,,,,,1.0935350931798347,0.6,,,,,,,5.667840551832274,0.026832815729997475,256,4.0,0.9080474009608495,,1,419,1,exact,,,2,0.0002051781072075529,,,,0.0172552080002788,da3f065a98d61d7536509ce61d72690c94c2c75e
dv3-B-lgcp-330135,3,B,lgcp,330135,33,,135,3:2:5:330135,,test,23,500.0,,,,,,,,,1.0935350931798347,0.6,,,,,,,5.667840551832274,0.026832815729997475,256,4.0,0.9080474009608495,,1,451,1,exact,,,2,0.0002051781072075529,,,,0.015537875002337387,58b2a73d18be0f6f2fdd891b804725c0cbd67c0c
dv3-B-lgcp-330136,3,B,lgcp,330136,33,,136,3:2:5:330136,,test,23,500.0,,,,,,,,,1.0935350931798347,0.6,,,,,,,5.667840551832274,0.026832815729997475,256,4.0,0.9080474009608495,,1,480,1,exact,,,2,0.0002051781072075529,,,,0.019736833000933984,a2c213d2ba337a12101fd65af932445b4da0c785
dv3-B-lgcp-330137,3,B,lgcp,330137,33,,137,3:2:5:330137,,test,23,500.0,,,,,,,,,1.0935350931798347,0.6,,,,,,,5.667840551832274,0.026832815729997475,256,4.0,0.9080474009608495,,1,374,1,exact,,,2,0.0002051781072075529,,,,0.021862707999389386,116ce57b519e7ee8737a9097e9fd962f3e14420e
dv3-B-lgcp-330138,3,B,lgcp,330138,33,,138,3:2:5:330138,,test,23,500.0,,,,,,,,,1.0935350931798347,0.6,,,,,,,5.667840551832274,0.026832815729997475,256,4.0,0.9080474009608495,,1,492,1,exact,,,2,0.0002051781072075529,,,,0.0181843749996915,f5f5e851f67cec2ba009b4ca6e739cda419d4002
dv3-B-lgcp-330139,3,B,lgcp,330139,33,,139,3:2:5:330139,,test,23,500.0,,,,,,,,,1.0935350931798347,0.6,,,,,,,5.667840551832274,0.026832815729997475,256,4.0,0.9080474009608495,,1,539,1,exact,,,2,0.0002051781072075529,,,,0.013394249999691965,aa123caa2d72d7dfbb09a16c188f843c11840198
dv3-B-lgcp-330140,3,B,lgcp,330140,33,,140,3:2:5:330140,,test,23,500.0,,,,,,,,,1.0935350931798347,0.6,,,,,,,5.667840551832274,0.026832815729997475,256,4.0,0.9080474009608495,,1,521,1,exact,,,2,0.0002051781072075529,,,,0.01948149999952875,a81a2606d331d43df605e3c4e2458302ca26bc6c
dv3-B-lgcp-330141,3,B,lgcp,330141,33,,141,3:2:5:330141,,test,23,500.0,,,,,,,,,1.0935350931798347,0.6,,,,,,,5.667840551832274,0.026832815729997475,256,4.0,0.9080474009608495,,1,492,1,exact,,,2,0.0002051781072075529,,,,0.021693999999115476,f065dbb3fc671c7490f622ebbcc389ee0cc1c072
dv3-B-lgcp-330142,3,B,lgcp,330142,33,,142,3:2:5:330142,,test,23,500.0,,,,,,,,,1.0935350931798347,0.6,,,,,,,5.667840551832274,0.026832815729997475,256,4.0,0.9080474009608495,,1,465,1,exact,,,2,0.0002051781072075529,,,,0.0201524590011104,49c9687e726a12c47a9a32a8431a46427f7df5ca
dv3-B-lgcp-330143,3,B,lgcp,330143,33,,143,3:2:5:330143,,test,23,500.0,,,,,,,,,1.0935350931798347,0.6,,,,,,,5.667840551832274,0.026832815729997475,256,4.0,0.9080474009608495,,1,503,1,exact,,,2,0.0002051781072075529,,,,0.023477499998989515,3f3ed75d5eb6d064f4f582f53284dad8039dbcee
dv3-B-lgcp-330144,3,B,lgcp,330144,33,,144,3:2:5:330144,,test,23,500.0,,,,,,,,,1.0935350931798347,0.6,,,,,,,5.667840551832274,0.026832815729997475,256,4.0,0.9080474009608495,,1,707,1,exact,,,2,0.0002051781072075529,,,,0.0202235409997229,a506d692b1421b4ac4aa3acacfc15e8a7e0099e2
dv3-B-lgcp-330145,3,B,lgcp,330145,33,,145,3:2:5:330145,,test,23,500.0,,,,,,,,,1.0935350931798347,0.6,,,,,,,5.667840551832274,0.026832815729997475,256,4.0,0.9080474009608495,,1,531,1,exact,,,2,0.0002051781072075529,,,,0.01152133299910929,d61846c45e187598887354240d10549c56718792
dv3-B-lgcp-330146,3,B,lgcp,330146,33,,146,3:2:5:330146,,test,23,500.0,,,,,,,,,1.0935350931798347,0.6,,,,,,,5.667840551832274,0.026832815729997475,256,4.0,0.9080474009608495,,1,429,1,exact,,,2,0.0002051781072075529,,,,0.016915958000026876,45dbb2866a4702c885bee7e26d4f8ca2fb3381d1
dv3-B-lgcp-330147,3,B,lgcp,330147,33,,147,3:2:5:330147,,test,23,500.0,,,,,,,,,1.0935350931798347,0.6,,,,,,,5.667840551832274,0.026832815729997475,256,4.0,0.9080474009608495,,1,504,1,exact,,,2,0.0002051781072075529,,,,0.020539832999929786,ca04d6c6c40ef7d7976bddaae1fb3c4fd2e0973d
dv3-B-lgcp-330148,3,B,lgcp,330148,33,,148,3:2:5:330148,,test,23,500.0,,,,,,,,,1.0935350931798347,0.6,,,,,,,5.667840551832274,0.026832815729997475,256,4.0,0.9080474009608495,,1,524,1,exact,,,2,0.0002051781072075529,,,,0.021946459000901086,2c085d2e3caf6405b0b2ae83f6301f94d1c2abe7
dv3-B-lgcp-330149,3,B,lgcp,330149,33,,149,3:2:5:330149,,test,23,500.0,,,,,,,,,1.0935350931798347,0.6,,,,,,,5.667840551832274,0.026832815729997475,256,4.0,0.9080474009608495,,1,435,1,exact,,,2,0.0002051781072075529,,,,0.016020583996578353,255ef1ba39594847f80245500a934ebe2219294a
dv3-B-lgcp-330150,3,B,lgcp,330150,33,,150,3:2:5:330150,,test,23,500.0,,,,,,,,,1.0935350931798347,0.6,,,,,,,5.667840551832274,0.026832815729997475,256,4.0,0.9080474009608495,,1,537,1,exact,,,2,0.0002051781072075529,,,,0.022344790999341058,237b09dbc7404a3ee6da8cf8db61ffd21b6e2712
dv3-B-lgcp-330151,3,B,lgcp,330151,33,,151,3:2:5:330151,,test,23,500.0,,,,,,,,,1.0935350931798347,0.6,,,,,,,5.667840551832274,0.026832815729997475,256,4.0,0.9080474009608495,,1,575,1,exact,,,2,0.0002051781072075529,,,,0.015143666001677047,51fffddaaa9801d3a4899a69ec4b2e50d50e464c
dv3-B-lgcp-330152,3,B,lgcp,330152,33,,152,3:2:5:330152,,test,23,500.0,,,,,,,,,1.0935350931798347,0.6,,,,,,,5.667840551832274,0.026832815729997475,256,4.0,0.9080474009608495,,1,543,1,exact,,,2,0.0002051781072075529,,,,0.016325790998962475,c19d35e8720a2ecc75c97eadfb0091bbc9a63790
dv3-B-lgcp-330153,3,B,lgcp,330153,33,,153,3:2:5:330153,,test,23,500.0,,,,,,,,,1.0935350931798347,0.6,,,,,,,5.667840551832274,0.026832815729997475,256,4.0,0.9080474009608495,,1,542,1,exact,,,2,0.0002051781072075529,,,,0.02075058299669763,c18965fee33cf72793baf8b85090beb2a4427aaf
dv3-B-lgcp-330154,3,B,lgcp,330154,33,,154,3:2:5:330154,,test,23,500.0,,,,,,,,,1.0935350931798347,0.6,,,,,,,5.667840551832274,0.026832815729997475,256,4.0,0.9080474009608495,,1,498,1,exact,,,2,0.0002051781072075529,,,,0.018134292000468122,46f419a7212e4188575afaed63c7617cf3f8ab97
dv3-B-lgcp-330155,3,B,lgcp,330155,33,,155,3:2:5:330155,,test,23,500.0,,,,,,,,,1.0935350931798347,0.6,,,,,,,5.667840551832274,0.026832815729997475,256,4.0,0.9080474009608495,,1,514,1,exact,,,2,0.0002051781072075529,,,,0.015962708999722963,49b4cac4bc7383f95cf718ddee15271bfd9cb4b4
dv3-B-lgcp-330156,3,B,lgcp,330156,33,,156,3:2:5:330156,,test,23,500.0,,,,,,,,,1.0935350931798347,0.6,,,,,,,5.667840551832274,0.026832815729997475,256,4.0,0.9080474009608495,,1,443,1,exact,,,2,0.0002051781072075529,,,,0.01733908299866016,4c08ffd2095236bb7629d75a186204ac2b69ca2d
dv3-B-lgcp-330157,3,B,lgcp,330157,33,,157,3:2:5:330157,,test,23,500.0,,,,,,,,,1.0935350931798347,0.6,,,,,,,5.667840551832274,0.026832815729997475,256,4.0,0.9080474009608495,,1,534,1,exact,,,2,0.0002051781072075529,,,,0.017248874999495456,91440a7f8a67095f9b237f60e2ad3f491dabf8e7
dv3-B-lgcp-330158,3,B,lgcp,330158,33,,158,3:2:5:330158,,test,23,500.0,,,,,,,,,1.0935350931798347,0.6,,,,,,,5.667840551832274,0.026832815729997475,256,4.0,0.9080474009608495,,1,500,1,exact,,,2,0.0002051781072075529,,,,0.02347629100040649,813d7e14c190bf618c6918d568607bbdd1a92e7e
dv3-B-lgcp-330159,3,B,lgcp,330159,33,,159,3:2:5:330159,,test,23,500.0,,,,,,,,,1.0935350931798347,0.6,,,,,,,5.667840551832274,0.026832815729997475,256,4.0,0.9080474009608495,,1,451,1,exact,,,2,0.0002051781072075529,,,,0.023941874998854473,5b1e7d5ee0dafa14f0f20a3e767ec9e5ef45db24
dv3-B-lgcp-330160,3,B,lgcp,330160,33,,160,3:2:5:330160,,test,23,500.0,,,,,,,,,1.0935350931798347,0.6,,,,,,,5.667840551832274,0.026832815729997475,256,4.0,0.9080474009608495,,1,501,1,exact,,,2,0.0002051781072075529,,,,0.020098417000554036,59bb49192fae8fe64612e8ed511ff2f8c0f53c0e
dv3-B-lgcp-330161,3,B,lgcp,330161,33,,161,3:2:5:330161,,test,23,500.0,,,,,,,,,1.0935350931798347,0.6,,,,,,,5.667840551832274,0.026832815729997475,256,4.0,0.9080474009608495,,1,442,1,exact,,,2,0.0002051781072075529,,,,0.022324000001390232,b98f41e9dba0904b70919363dc38c6d358b83c09
dv3-B-lgcp-330162,3,B,lgcp,330162,33,,162,3:2:5:330162,,test,23,500.0,,,,,,,,,1.0935350931798347,0.6,,,,,,,5.667840551832274,0.026832815729997475,256,4.0,0.9080474009608495,,1,477,1,exact,,,2,0.0002051781072075529,,,,0.021054166998510482,fdcd89454622ad83a91676b8a5af085732334f3e
dv3-B-lgcp-330163,3,B,lgcp,330163,33,,163,3:2:5:330163,,test,23,500.0,,,,,,,,,1.0935350931798347,0.6,,,,,,,5.667840551832274,0.026832815729997475,256,4.0,0.9080474009608495,,1,534,1,exact,,,2,0.0002051781072075529,,,,0.023194165998575045,892669344ee4b23908a74b498fecc8a520ec89ac
dv3-B-lgcp-330164,3,B,lgcp,330164,33,,164,3:2:5:330164,,test,23,500.0,,,,,,,,,1.0935350931798347,0.6,,,,,,,5.667840551832274,0.026832815729997475,256,4.0,0.9080474009608495,,1,529,1,exact,,,2,0.0002051781072075529,,,,0.016280250001727836,b0112d746e5674d2099177c6288f53dab02cff5f
dv3-B-lgcp-330165,3,B,lgcp,330165,33,,165,3:2:5:330165,,test,23,500.0,,,,,,,,,1.0935350931798347,0.6,,,,,,,5.667840551832274,0.026832815729997475,256,4.0,0.9080474009608495,,1,530,1,exact,,,2,0.0002051781072075529,,,,0.019794332998571917,2f9c5a0b9705a7410e184dd7001b1698ce6f95af
dv3-B-lgcp-330166,3,B,lgcp,330166,33,,166,3:2:5:330166,,test,23,500.0,,,,,,,,,1.0935350931798347,0.6,,,,,,,5.667840551832274,0.026832815729997475,256,4.0,0.9080474009608495,,1,490,1,exact,,,2,0.0002051781072075529,,,,0.023932500000228174,a1523da3a7cbc11ba13a2d4b4e43148969e0c9d0
dv3-B-lgcp-330167,3,B,lgcp,330167,33,,167,3:2:5:330167,,test,23,500.0,,,,,,,,,1.0935350931798347,0.6,,,,,,,5.667840551832274,0.026832815729997475,256,4.0,0.9080474009608495,,1,560,1,exact,,,2,0.0002051781072075529,,,,0.016767999997682637,0db8ac44472c5dcdbd33698de27b87d52a276fa1
dv3-B-lgcp-330168,3,B,lgcp,330168,33,,168,3:2:5:330168,,test,23,500.0,,,,,,,,,1.0935350931798347,0.6,,,,,,,5.667840551832274,0.026832815729997475,256,4.0,0.9080474009608495,,1,485,1,exact,,,2,0.0002051781072075529,,,,0.024000834000617033,3aaea1e06a2b4f005be97ade93aba3d4c2d51248
dv3-B-lgcp-330169,3,B,lgcp,330169,33,,169,3:2:5:330169,,test,23,500.0,,,,,,,,,1.0935350931798347,0.6,,,,,,,5.667840551832274,0.026832815729997475,256,4.0,0.9080474009608495,,1,476,1,exact,,,2,0.0002051781072075529,,,,0.022157791998324683,2ef1dbd05212d896c03f52c601018ebb676ba910
dv3-B-lgcp-330170,3,B,lgcp,330170,33,,170,3:2:5:330170,,test,23,500.0,,,,,,,,,1.0935350931798347,0.6,,,,,,,5.667840551832274,0.026832815729997475,256,4.0,0.9080474009608495,,1,473,1,exact,,,2,0.0002051781072075529,,,,0.01697733299806714,fa8c52272f74cf5bd7c9dbd4600f39f8ea172cef
dv3-B-lgcp-330171,3,B,lgcp,330171,33,,171,3:2:5:330171,,test,23,500.0,,,,,,,,,1.0935350931798347,0.6,,,,,,,5.667840551832274,0.026832815729997475,256,4.0,0.9080474009608495,,1,515,1,exact,,,2,0.0002051781072075529,,,,0.017534500002511777,e617fa40ec86031c2eccbb54113b2053af95dbe4
dv3-B-lgcp-330172,3,B,lgcp,330172,33,,172,3:2:5:330172,,test,23,500.0,,,,,,,,,1.0935350931798347,0.6,,,,,,,5.667840551832274,0.026832815729997475,256,4.0,0.9080474009608495,,1,570,1,exact,,,2,0.0002051781072075529,,,,0.018427584000164643,a5ee2cfef29448b647a8a3b5c2ed2f2b9a5017ef
dv3-B-lgcp-330173,3,B,lgcp,330173,33,,173,3:2:5:330173,,test,23,500.0,,,,,,,,,1.0935350931798347,0.6,,,,,,,5.667840551832274,0.026832815729997475,256,4.0,0.9080474009608495,,1,591,1,exact,,,2,0.0002051781072075529,,,,0.026367124999524094,ae0c04e6d2d40b7733d8dc44ee752066ea21e4a1
dv3-B-lgcp-330174,3,B,lgcp,330174,33,,174,3:2:5:330174,,test,23,500.0,,,,,,,,,1.0935350931798347,0.6,,,,,,,5.667840551832274,0.026832815729997475,256,4.0,0.9080474009608495,,1,437,1,exact,,,2,0.0002051781072075529,,,,0.016533457997866208,31509ef5a51a980e276e8f0a43ab04caa91a8bb6
dv3-B-lgcp-330175,3,B,lgcp,330175,33,,175,3:2:5:330175,,test,23,500.0,,,,,,,,,1.0935350931798347,0.6,,,,,,,5.667840551832274,0.026832815729997475,256,4.0,0.9080474009608495,,1,531,1,exact,,,2,0.0002051781072075529,,,,0.02004162499724771,5ffa83b4e51f8681e63022df75d8290c203ab713
dv3-B-lgcp-330176,3,B,lgcp,330176,33,,176,3:2:5:330176,,test,23,500.0,,,,,,,,,1.0935350931798347,0.6,,,,,,,5.667840551832274,0.026832815729997475,256,4.0,0.9080474009608495,,1,501,1,exact,,,2,0.0002051781072075529,,,,0.018455125002219575,da129aa391bcbc8eb718137bf241e286bb1da245
dv3-B-lgcp-330177,3,B,lgcp,330177,33,,177,3:2:5:330177,,test,23,500.0,,,,,,,,,1.0935350931798347,0.6,,,,,,,5.667840551832274,0.026832815729997475,256,4.0,0.9080474009608495,,1,496,1,exact,,,2,0.0002051781072075529,,,,0.02143133299978217,9a21b6b48d7bebe08e0751f09f2648b8b48fa10c
dv3-B-lgcp-330178,3,B,lgcp,330178,33,,178,3:2:5:330178,,test,23,500.0,,,,,,,,,1.0935350931798347,0.6,,,,,,,5.667840551832274,0.026832815729997475,256,4.0,0.9080474009608495,,1,561,1,exact,,,2,0.0002051781072075529,,,,0.01679895900088013,42ea7e23349f6ebd8f93d560aa0432bd474dff25
dv3-B-lgcp-330179,3,B,lgcp,330179,33,,179,3:2:5:330179,,test,23,500.0,,,,,,,,,1.0935350931798347,0.6,,,,,,,5.667840551832274,0.026832815729997475,256,4.0,0.9080474009608495,,1,494,1,exact,,,2,0.0002051781072075529,,,,0.016979416999674868,dbdc2d857b59e7a8459e933e3bc8b380b4f60cb8
dv3-B-lgcp-330180,3,B,lgcp,330180,33,,180,3:2:5:330180,,test,23,500.0,,,,,,,,,1.0935350931798347,0.6,,,,,,,5.667840551832274,0.026832815729997475,256,4.0,0.9080474009608495,,1,489,1,exact,,,2,0.0002051781072075529,,,,0.015126375001273118,57aa5ce83f1baf8474c251a1691e227e21bcc478
dv3-B-lgcp-330181,3,B,lgcp,330181,33,,181,3:2:5:330181,,test,23,500.0,,,,,,,,,1.0935350931798347,0.6,,,,,,,5.667840551832274,0.026832815729997475,256,4.0,0.9080474009608495,,1,465,1,exact,,,2,0.0002051781072075529,,,,0.01984575000096811,2d9acbc7d7fc78d6cced609cd0f98eb9554e5e10
dv3-B-lgcp-330182,3,B,lgcp,330182,33,,182,3:2:5:330182,,test,23,500.0,,,,,,,,,1.0935350931798347,0.6,,,,,,,5.667840551832274,0.026832815729997475,256,4.0,0.9080474009608495,,1,578,1,exact,,,2,0.0002051781072075529,,,,0.01640429100007168,1788c9058262a6c00c36ab67a52130c76fd7b90a
dv3-B-lgcp-330183,3,B,lgcp,330183,33,,183,3:2:5:330183,,test,23,500.0,,,,,,,,,1.0935350931798347,0.6,,,,,,,5.667840551832274,0.026832815729997475,256,4.0,0.9080474009608495,,1,454,1,exact,,,2,0.0002051781072075529,,,,0.01987541699782014,9aa73a2bb95dd35dbc5a081fd12bd132bb256a1d
dv3-B-lgcp-330184,3,B,lgcp,330184,33,,184,3:2:5:330184,,test,23,500.0,,,,,,,,,1.0935350931798347,0.6,,,,,,,5.667840551832274,0.026832815729997475,256,4.0,0.9080474009608495,,1,576,1,exact,,,2,0.0002051781072075529,,,,0.02395795800111955,f3b5bd2558cb6fcf607d79e8de9ecb8865d5c6ac
dv3-B-lgcp-330185,3,B,lgcp,330185,33,,185,3:2:5:330185,,test,23,500.0,,,,,,,,,1.0935350931798347,0.6,,,,,,,5.667840551832274,0.026832815729997475,256,4.0,0.9080474009608495,,1,498,1,exact,,,2,0.0002051781072075529,,,,0.022604292000323767,b5e03ceca089ccb64ff361f2af2eb37456b97c39
dv3-B-lgcp-330186,3,B,lgcp,330186,33,,186,3:2:5:330186,,test,23,500.0,,,,,,,,,1.0935350931798347,0.6,,,,,,,5.667840551832274,0.026832815729997475,256,4.0,0.9080474009608495,,1,476,1,exact,,,2,0.0002051781072075529,,,,0.016070207999291597,b6bb79c9e5d81113ec127e20b09112e4589adc13
dv3-B-lgcp-330187,3,B,lgcp,330187,33,,187,3:2:5:330187,,test,23,500.0,,,,,,,,,1.0935350931798347,0.6,,,,,,,5.667840551832274,0.026832815729997475,256,4.0,0.9080474009608495,,1,454,1,exact,,,2,0.0002051781072075529,,,,0.01559458300107508,1103e457837d39f4b2ff5f4689ae95cbe89668b5
dv3-B-lgcp-330188,3,B,lgcp,330188,33,,188,3:2:5:330188,,test,23,500.0,,,,,,,,,1.0935350931798347,0.6,,,,,,,5.667840551832274,0.026832815729997475,256,4.0,0.9080474009608495,,1,473,1,exact,,,2,0.0002051781072075529,,,,0.022391000002244255,ba5598b2bc5e3d2b3b0add484366daf4e2a9c4d3
dv3-B-lgcp-330189,3,B,lgcp,330189,33,,189,3:2:5:330189,,test,23,500.0,,,,,,,,,1.0935350931798347,0.6,,,,,,,5.667840551832274,0.026832815729997475,256,4.0,0.9080474009608495,,1,517,1,exact,,,2,0.0002051781072075529,,,,0.01665566699739429,1d88ff2f5cfbf7966933c757301900e4b5121606
dv3-B-lgcp-330190,3,B,lgcp,330190,33,,190,3:2:5:330190,,test,23,500.0,,,,,,,,,1.0935350931798347,0.6,,,,,,,5.667840551832274,0.026832815729997475,256,4.0,0.9080474009608495,,1,420,1,exact,,,2,0.0002051781072075529,,,,0.018406125000183238,f5185f9cd8cc60cd42f8e9907aea8b5a9242a6d0
dv3-B-lgcp-330191,3,B,lgcp,330191,33,,191,3:2:5:330191,,test,23,500.0,,,,,,,,,1.0935350931798347,0.6,,,,,,,5.667840551832274,0.026832815729997475,256,4.0,0.9080474009608495,,1,498,1,exact,,,2,0.0002051781072075529,,,,0.017298292001214577,040cc3e3b819378f61e0edd8fa05c05254193e2c
dv3-B-lgcp-330192,3,B,lgcp,330192,33,,192,3:2:5:330192,,test,23,500.0,,,,,,,,,1.0935350931798347,0.6,,,,,,,5.667840551832274,0.026832815729997475,256,4.0,0.9080474009608495,,1,525,1,exact,,,2,0.0002051781072075529,,,,0.018628999998327345,eb910f3ac75b2c3feaecadc582cd84c95b40a8ea
dv3-B-lgcp-330193,3,B,lgcp,330193,33,,193,3:2:5:330193,,test,23,500.0,,,,,,,,,1.0935350931798347,0.6,,,,,,,5.667840551832274,0.026832815729997475,256,4.0,0.9080474009608495,,1,453,1,exact,,,2,0.0002051781072075529,,,,0.01552395900216652,9c9a44d34e13b7f8e2b9dfcbb250179d3779f9ec
dv3-B-lgcp-330194,3,B,lgcp,330194,33,,194,3:2:5:330194,,test,23,500.0,,,,,,,,,1.0935350931798347,0.6,,,,,,,5.667840551832274,0.026832815729997475,256,4.0,0.9080474009608495,,1,454,1,exact,,,2,0.0002051781072075529,,,,0.021603958997729933,923e0742c99193130e4d5e576b58d847763e495a
dv3-B-lgcp-330195,3,B,lgcp,330195,33,,195,3:2:5:330195,,test,23,500.0,,,,,,,,,1.0935350931798347,0.6,,,,,,,5.667840551832274,0.026832815729997475,256,4.0,0.9080474009608495,,1,525,1,exact,,,2,0.0002051781072075529,,,,0.017503540999314282,78373f6cc0d421ea5fca507c6f92417fd096f982
dv3-B-lgcp-330196,3,B,lgcp,330196,33,,196,3:2:5:330196,,test,23,500.0,,,,,,,,,1.0935350931798347,0.6,,,,,,,5.667840551832274,0.026832815729997475,256,4.0,0.9080474009608495,,1,509,1,exact,,,2,0.0002051781072075529,,,,0.015312083000026178,548f03d8d8c6f410fc39d8e5cab389e9c422bcb3
dv3-B-lgcp-330197,3,B,lgcp,330197,33,,197,3:2:5:330197,,test,23,500.0,,,,,,,,,1.0935350931798347,0.6,,,,,,,5.667840551832274,0.026832815729997475,256,4.0,0.9080474009608495,,1,471,1,exact,,,2,0.0002051781072075529,,,,0.022327499998937128,cec2f1b938582a533173253114b5b23f2c75852f
dv3-B-lgcp-330198,3,B,lgcp,330198,33,,198,3:2:5:330198,,test,23,500.0,,,,,,,,,1.0935350931798347,0.6,,,,,,,5.667840551832274,0.026832815729997475,256,4.0,0.9080474009608495,,1,495,1,exact,,,2,0.0002051781072075529,,,,0.017795292002119822,bf0cfffaa6db7739bb0f9bb37eacfcd57a79e665
dv3-B-lgcp-330199,3,B,lgcp,330199,33,,199,3:2:5:330199,,test,23,500.0,,,,,,,,,1.0935350931798347,0.6,,,,,,,5.667840551832274,0.026832815729997475,256,4.0,0.9080474009608495,,1,475,1,exact,,,2,0.0002051781072075529,,,,0.020731374999741092,0f6af268de1cdf6dde576c328a49b98709c2eb3f
dv3-B-lgcp-330200,3,B,lgcp,330200,33,,200,3:2:5:330200,,test,23,500.0,,,,,,,,,1.0935350931798347,0.6,,,,,,,5.667840551832274,0.026832815729997475,256,4.0,0.9080474009608495,,1,448,1,exact,,,2,0.0002051781072075529,,,,0.016858916998899076,6eb7752d5751e3445c0bb02740fbe4240ad11deb
dv3-B-lgcp-330201,3,B,lgcp,330201,33,,201,3:2:5:330201,,test,23,500.0,,,,,,,,,1.0935350931798347,0.6,,,,,,,5.667840551832274,0.026832815729997475,256,4.0,0.9080474009608495,,1,486,1,exact,,,2,0.0002051781072075529,,,,0.01940341699810233,13e4ca4436f23c6693493bbc3532d37874217001
dv3-B-lgcp-330202,3,B,lgcp,330202,33,,202,3:2:5:330202,,test,23,500.0,,,,,,,,,1.0935350931798347,0.6,,,,,,,5.667840551832274,0.026832815729997475,256,4.0,0.9080474009608495,,1,434,1,exact,,,2,0.0002051781072075529,,,,0.01873933399838279,9c993ec21fa7ca2b11caa80a36b917fd66711126
dv3-B-lgcp-330203,3,B,lgcp,330203,33,,203,3:2:5:330203,,test,23,500.0,,,,,,,,,1.0935350931798347,0.6,,,,,,,5.667840551832274,0.026832815729997475,256,4.0,0.9080474009608495,,1,500,1,exact,,,2,0.0002051781072075529,,,,0.021379666999564506,3763433fd1cd3bbd156b71f514d143b836baf47a
dv3-B-lgcp-330204,3,B,lgcp,330204,33,,204,3:2:5:330204,,test,23,500.0,,,,,,,,,1.0935350931798347,0.6,,,,,,,5.667840551832274,0.026832815729997475,256,4.0,0.9080474009608495,,1,429,1,exact,,,2,0.0002051781072075529,,,,0.020867916999122826,69e79b9d400db8310d8b3fe9b0fee2965438e724
dv3-B-lgcp-330205,3,B,lgcp,330205,33,,205,3:2:5:330205,,test,23,500.0,,,,,,,,,1.0935350931798347,0.6,,,,,,,5.667840551832274,0.026832815729997475,256,4.0,0.9080474009608495,,1,438,1,exact,,,2,0.0002051781072075529,,,,0.01599754199924064,7b34d571f60e9c2ffb9f04e0f11800bde6a3581e
dv3-B-lgcp-330206,3,B,lgcp,330206,33,,206,3:2:5:330206,,test,23,500.0,,,,,,,,,1.0935350931798347,0.6,,,,,,,5.667840551832274,0.026832815729997475,256,4.0,0.9080474009608495,,1,494,1,exact,,,2,0.0002051781072075529,,,,0.01641616699998849,84112de4c20790271a5698762f532f718faea986
dv3-B-lgcp-330207,3,B,lgcp,330207,33,,207,3:2:5:330207,,test,23,500.0,,,,,,,,,1.0935350931798347,0.6,,,,,,,5.667840551832274,0.026832815729997475,256,4.0,0.9080474009608495,,1,494,1,exact,,,2,0.0002051781072075529,,,,0.016295291999995243,ceec5b852954f3a9026dd1f9e9437867c36e2b6d
dv3-B-lgcp-330208,3,B,lgcp,330208,33,,208,3:2:5:330208,,test,23,500.0,,,,,,,,,1.0935350931798347,0.6,,,,,,,5.667840551832274,0.026832815729997475,256,4.0,0.9080474009608495,,1,545,1,exact,,,2,0.0002051781072075529,,,,0.020043832999363076,42b97e7ec4fd0231c52ebbdafbca71b6928648b3
dv3-B-lgcp-330209,3,B,lgcp,330209,33,,209,3:2:5:330209,,test,23,500.0,,,,,,,,,1.0935350931798347,0.6,,,,,,,5.667840551832274,0.026832815729997475,256,4.0,0.9080474009608495,,1,470,1,exact,,,2,0.0002051781072075529,,,,0.028738292003254173,5146bc6efc4ee44353dae1afef1e323566ddd419
dv3-B-lgcp-330210,3,B,lgcp,330210,33,,210,3:2:5:330210,,test,23,500.0,,,,,,,,,1.0935350931798347,0.6,,,,,,,5.667840551832274,0.026832815729997475,256,4.0,0.9080474009608495,,1,469,1,exact,,,2,0.0002051781072075529,,,,0.014160792001348455,29c45e966319fa961730fd5bbe93f742afeb6485
dv3-B-lgcp-330211,3,B,lgcp,330211,33,,211,3:2:5:330211,,test,23,500.0,,,,,,,,,1.0935350931798347,0.6,,,,,,,5.667840551832274,0.026832815729997475,256,4.0,0.9080474009608495,,1,524,1,exact,,,2,0.0002051781072075529,,,,0.019352415998582728,fc9e164dc2e243ce5f65776e7ae855e5346fd3ba
dv3-B-lgcp-330212,3,B,lgcp,330212,33,,212,3:2:5:330212,,test,23,500.0,,,,,,,,,1.0935350931798347,0.6,,,,,,,5.667840551832274,0.026832815729997475,256,4.0,0.9080474009608495,,1,462,1,exact,,,2,0.0002051781072075529,,,,0.023781500000040978,7c09995ebbd1a59371e77ead5f0f62298515901d
dv3-B-lgcp-330213,3,B,lgcp,330213,33,,213,3:2:5:330213,,test,23,500.0,,,,,,,,,1.0935350931798347,0.6,,,,,,,5.667840551832274,0.026832815729997475,256,4.0,0.9080474009608495,,1,508,1,exact,,,2,0.0002051781072075529,,,,0.01935304200014798,eab7fc202ac2957e6510a49f52f8cfb4dcbc4986
dv3-B-lgcp-330214,3,B,lgcp,330214,33,,214,3:2:5:330214,,test,23,500.0,,,,,,,,,1.0935350931798347,0.6,,,,,,,5.667840551832274,0.026832815729997475,256,4.0,0.9080474009608495,,1,524,1,exact,,,2,0.0002051781072075529,,,,0.021476125002664048,d42f2f99191029f7b66206211c5846b1e0100159
dv3-B-lgcp-330215,3,B,lgcp,330215,33,,215,3:2:5:330215,,test,23,500.0,,,,,,,,,1.0935350931798347,0.6,,,,,,,5.667840551832274,0.026832815729997475,256,4.0,0.9080474009608495,,1,539,1,exact,,,2,0.0002051781072075529,,,,0.019495459000609117,222b1b6d8a0dc60d83fe19bde0da74ae4b81d619
dv3-B-lgcp-330216,3,B,lgcp,330216,33,,216,3:2:5:330216,,test,23,500.0,,,,,,,,,1.0935350931798347,0.6,,,,,,,5.667840551832274,0.026832815729997475,256,4.0,0.9080474009608495,,1,476,1,exact,,,2,0.0002051781072075529,,,,0.01434562500071479,a0b5317bf5c3603d80bd6fadcc7c135ea76f3f88
dv3-B-lgcp-330217,3,B,lgcp,330217,33,,217,3:2:5:330217,,test,23,500.0,,,,,,,,,1.0935350931798347,0.6,,,,,,,5.667840551832274,0.026832815729997475,256,4.0,0.9080474009608495,,1,406,1,exact,,,2,0.0002051781072075529,,,,0.018039167000097223,c619da54eac108e7921dbf39ae5ec0f2b9e46666
dv3-B-lgcp-330218,3,B,lgcp,330218,33,,218,3:2:5:330218,,test,23,500.0,,,,,,,,,1.0935350931798347,0.6,,,,,,,5.667840551832274,0.026832815729997475,256,4.0,0.9080474009608495,,1,501,1,exact,,,2,0.0002051781072075529,,,,0.021561333000136074,a44af9befd84b38931137a4cbda4374d3f21c8c0
dv3-B-lgcp-330219,3,B,lgcp,330219,33,,219,3:2:5:330219,,test,23,500.0,,,,,,,,,1.0935350931798347,0.6,,,,,,,5.667840551832274,0.026832815729997475,256,4.0,0.9080474009608495,,1,569,1,exact,,,2,0.0002051781072075529,,,,0.018696041999646695,12b9a8126a926d930e3b02e6e96ddeabc81c85a8
dv3-B-lgcp-330220,3,B,lgcp,330220,33,,220,3:2:5:330220,,test,23,500.0,,,,,,,,,1.0935350931798347,0.6,,,,,,,5.667840551832274,0.026832815729997475,256,4.0,0.9080474009608495,,1,392,1,exact,,,2,0.0002051781072075529,,,,0.019858167001075344,456ff4ef2a7c869ac438f3ad49a26a33467789ae
dv3-B-lgcp-330221,3,B,lgcp,330221,33,,221,3:2:5:330221,,test,23,500.0,,,,,,,,,1.0935350931798347,0.6,,,,,,,5.667840551832274,0.026832815729997475,256,4.0,0.9080474009608495,,1,462,1,exact,,,2,0.0002051781072075529,,,,0.03108579100080533,ed1a6e73706fd9be4c172a678300f88c754aab94
dv3-B-lgcp-330222,3,B,lgcp,330222,33,,222,3:2:5:330222,,test,23,500.0,,,,,,,,,1.0935350931798347,0.6,,,,,,,5.667840551832274,0.026832815729997475,256,4.0,0.9080474009608495,,1,541,1,exact,,,2,0.0002051781072075529,,,,0.012190249999548541,da30de092ac807492f1dd45f281bd2b6ceb2bc17
dv3-B-lgcp-330223,3,B,lgcp,330223,33,,223,3:2:5:330223,,test,23,500.0,,,,,,,,,1.0935350931798347,0.6,,,,,,,5.667840551832274,0.026832815729997475,256,4.0,0.9080474009608495,,1,500,1,exact,,,2,0.0002051781072075529,,,,0.02244970800165902,cd2429b4477c35fb18b60407b07df51e2b3c6425
dv3-B-lgcp-330224,3,B,lgcp,330224,33,,224,3:2:5:330224,,test,23,500.0,,,,,,,,,1.0935350931798347,0.6,,,,,,,5.667840551832274,0.026832815729997475,256,4.0,0.9080474009608495,,1,476,1,exact,,,2,0.0002051781072075529,,,,0.018667542000912363,4a4cf527c1c877d6f1ba81cb2bfbf133b8302b60
dv3-B-lgcp-330225,3,B,lgcp,330225,33,,225,3:2:5:330225,,test,23,500.0,,,,,,,,,1.0935350931798347,0.6,,,,,,,5.667840551832274,0.026832815729997475,256,4.0,0.9080474009608495,,1,530,1,exact,,,2,0.0002051781072075529,,,,0.023056500001985114,65a49b2ca4b3c3622241499cb261d48a44ca9d20
dv3-B-lgcp-330226,3,B,lgcp,330226,33,,226,3:2:5:330226,,test,23,500.0,,,,,,,,,1.0935350931798347,0.6,,,,,,,5.667840551832274,0.026832815729997475,256,4.0,0.9080474009608495,,1,497,1,exact,,,2,0.0002051781072075529,,,,0.01740395800152328,15a628cfd88d4fcaed44f88be7df8341867ac5a7
dv3-B-lgcp-330227,3,B,lgcp,330227,33,,227,3:2:5:330227,,test,23,500.0,,,,,,,,,1.0935350931798347,0.6,,,,,,,5.667840551832274,0.026832815729997475,256,4.0,0.9080474009608495,,1,406,1,exact,,,2,0.0002051781072075529,,,,0.01708804200097802,c8f79aac03c9f018cf0cc449a84f8b91ffa594bd
dv3-B-lgcp-330228,3,B,lgcp,330228,33,,228,3:2:5:330228,,test,23,500.0,,,,,,,,,1.0935350931798347,0.6,,,,,,,5.667840551832274,0.026832815729997475,256,4.0,0.9080474009608495,,1,515,1,exact,,,2,0.0002051781072075529,,,,0.0182667089975439,3c0e01aa993a119d8a6ad25575e2a52e965a8deb
dv3-B-lgcp-330229,3,B,lgcp,330229,33,,229,3:2:5:330229,,test,23,500.0,,,,,,,,,1.0935350931798347,0.6,,,,,,,5.667840551832274,0.026832815729997475,256,4.0,0.9080474009608495,,1,549,1,exact,,,2,0.0002051781072075529,,,,0.013373375000810483,d184f5b696fe83c61497bdb64e1e78142f33f9d4
dv3-B-lgcp-330230,3,B,lgcp,330230,33,,230,3:2:5:330230,,test,23,500.0,,,,,,,,,1.0935350931798347,0.6,,,,,,,5.667840551832274,0.026832815729997475,256,4.0,0.9080474009608495,,1,439,1,exact,,,2,0.0002051781072075529,,,,0.018781334001687355,88d4506569b4d9410c5e8356e0a35cd015e0fd3a
dv3-B-lgcp-330231,3,B,lgcp,330231,33,,231,3:2:5:330231,,test,23,500.0,,,,,,,,,1.0935350931798347,0.6,,,,,,,5.667840551832274,0.026832815729997475,256,4.0,0.9080474009608495,,1,403,1,exact,,,2,0.0002051781072075529,,,,0.01292329199714004,d8a43cc1c7db6c778a00fa3c09a698c0580abc22
dv3-B-lgcp-330232,3,B,lgcp,330232,33,,232,3:2:5:330232,,test,23,500.0,,,,,,,,,1.0935350931798347,0.6,,,,,,,5.667840551832274,0.026832815729997475,256,4.0,0.9080474009608495,,1,459,1,exact,,,2,0.0002051781072075529,,,,0.012278416998015018,b4550f7bdb9e03659e0bdfb99583178f856259f3
dv3-B-lgcp-330233,3,B,lgcp,330233,33,,233,3:2:5:330233,,test,23,500.0,,,,,,,,,1.0935350931798347,0.6,,,,,,,5.667840551832274,0.026832815729997475,256,4.0,0.9080474009608495,,1,470,1,exact,,,2,0.0002051781072075529,,,,0.015400583000882762,75b465730567c7aa06c3786dab8062804bcce04d
dv3-B-lgcp-330234,3,B,lgcp,330234,33,,234,3:2:5:330234,,test,23,500.0,,,,,,,,,1.0935350931798347,0.6,,,,,,,5.667840551832274,0.026832815729997475,256,4.0,0.9080474009608495,,1,433,1,exact,,,2,0.0002051781072075529,,,,0.02231062500140979,57bdd2be7f7b03b100782d59971977ff73795f6d
dv3-B-lgcp-330235,3,B,lgcp,330235,33,,235,3:2:5:330235,,test,23,500.0,,,,,,,,,1.0935350931798347,0.6,,,,,,,5.667840551832274,0.026832815729997475,256,4.0,0.9080474009608495,,1,500,1,exact,,,2,0.0002051781072075529,,,,0.020102499998756684,ac343965f986d8c2461b82d932327f0a49743369
dv3-B-lgcp-330236,3,B,lgcp,330236,33,,236,3:2:5:330236,,test,23,500.0,,,,,,,,,1.0935350931798347,0.6,,,,,,,5.667840551832274,0.026832815729997475,256,4.0,0.9080474009608495,,1,488,1,exact,,,2,0.0002051781072075529,,,,0.02448595799796749,f54370bb5c5455b4c022c6f85adc953bbf813d1f
dv3-B-lgcp-330237,3,B,lgcp,330237,33,,237,3:2:5:330237,,test,23,500.0,,,,,,,,,1.0935350931798347,0.6,,,,,,,5.667840551832274,0.026832815729997475,256,4.0,0.9080474009608495,,1,474,1,exact,,,2,0.0002051781072075529,,,,0.02077787500093109,43f3a504179fdf2183dacc26e77a5a08db118255
dv3-B-lgcp-330238,3,B,lgcp,330238,33,,238,3:2:5:330238,,test,23,500.0,,,,,,,,,1.0935350931798347,0.6,,,,,,,5.667840551832274,0.026832815729997475,256,4.0,0.9080474009608495,,1,535,1,exact,,,2,0.0002051781072075529,,,,0.0196990000004007,f805a3c734834407ed00b6ab44b3cf97cd082093
dv3-B-lgcp-330239,3,B,lgcp,330239,33,,239,3:2:5:330239,,test,23,500.0,,,,,,,,,1.0935350931798347,0.6,,,,,,,5.667840551832274,0.026832815729997475,256,4.0,0.9080474009608495,,1,485,1,exact,,,2,0.0002051781072075529,,,,0.023626500002137618,87b43c786cf86412eca60ff11544265f68740d59
dv3-B-lgcp-330240,3,B,lgcp,330240,33,,240,3:2:5:330240,,test,23,500.0,,,,,,,,,1.0935350931798347,0.6,,,,,,,5.667840551832274,0.026832815729997475,256,4.0,0.9080474009608495,,1,509,1,exact,,,2,0.0002051781072075529,,,,0.022377334000339033,3cbf82c7305dcf53d52d64b2ac69370b99ed41b5
dv3-B-lgcp-330241,3,B,lgcp,330241,33,,241,3:2:5:330241,,test,23,500.0,,,,,,,,,1.0935350931798347,0.6,,,,,,,5.667840551832274,0.026832815729997475,256,4.0,0.9080474009608495,,1,465,1,exact,,,2,0.0002051781072075529,,,,0.03235470800063922,70e97e0fbcd62abdd7ec440ada09fdcc50e1efe3
dv3-B-lgcp-330242,3,B,lgcp,330242,33,,242,3:2:5:330242,,test,23,500.0,,,,,,,,,1.0935350931798347,0.6,,,,,,,5.667840551832274,0.026832815729997475,256,4.0,0.9080474009608495,,1,511,1,exact,,,2,0.0002051781072075529,,,,0.030286458000773564,70d36e794ec7b11be85aea0190bf2c4de781cf4d
dv3-B-lgcp-330243,3,B,lgcp,330243,33,,243,3:2:5:330243,,test,23,500.0,,,,,,,,,1.0935350931798347,0.6,,,,,,,5.667840551832274,0.026832815729997475,256,4.0,0.9080474009608495,,1,489,1,exact,,,2,0.0002051781072075529,,,,0.013094417001411784,e81c8a7866b7e6cc63c8464b06178812be2f4429
dv3-B-lgcp-330244,3,B,lgcp,330244,33,,244,3:2:5:330244,,test,23,500.0,,,,,,,,,1.0935350931798347,0.6,,,,,,,5.667840551832274,0.026832815729997475,256,4.0,0.9080474009608495,,1,503,1,exact,,,2,0.0002051781072075529,,,,0.0206298750017595,c1f548839997c6ab384da227ed46aef732caab48
dv3-B-lgcp-330245,3,B,lgcp,330245,33,,245,3:2:5:330245,,test,23,500.0,,,,,,,,,1.0935350931798347,0.6,,,,,,,5.667840551832274,0.026832815729997475,256,4.0,0.9080474009608495,,1,448,1,exact,,,2,0.0002051781072075529,,,,0.03043279200210236,e3d47891d1fb8ba6ac97bcd3705f0747543997d4
dv3-B-lgcp-330246,3,B,lgcp,330246,33,,246,3:2:5:330246,,test,23,500.0,,,,,,,,,1.0935350931798347,0.6,,,,,,,5.667840551832274,0.026832815729997475,256,4.0,0.9080474009608495,,1,517,1,exact,,,2,0.0002051781072075529,,,,0.020015667003463022,37de897f5ea6a53a72f2b9bf478172b9db2d09a1
dv3-B-lgcp-330247,3,B,lgcp,330247,33,,247,3:2:5:330247,,test,23,500.0,,,,,,,,,1.0935350931798347,0.6,,,,,,,5.667840551832274,0.026832815729997475,256,4.0,0.9080474009608495,,1,545,1,exact,,,2,0.0002051781072075529,,,,0.03140229200289468,e92fbb766c23be801d2044bed957a1a62174fbb7
dv3-B-lgcp-330248,3,B,lgcp,330248,33,,248,3:2:5:330248,,test,23,500.0,,,,,,,,,1.0935350931798347,0.6,,,,,,,5.667840551832274,0.026832815729997475,256,4.0,0.9080474009608495,,1,513,1,exact,,,2,0.0002051781072075529,,,,0.024115874999552034,4d828b06e9a950145afb24642044aee7b1236bab
dv3-B-lgcp-330249,3,B,lgcp,330249,33,,249,3:2:5:330249,,test,23,500.0,,,,,,,,,1.0935350931798347,0.6,,,,,,,5.667840551832274,0.026832815729997475,256,4.0,0.9080474009608495,,1,399,1,exact,,,2,0.0002051781072075529,,,,0.02238533299896517,4cca1635e96befbd0ff75d5e7da34e61be756fd2
dv3-B-lgcp-330250,3,B,lgcp,330250,33,,250,3:2:5:330250,,test,23,500.0,,,,,,,,,1.0935350931798347,0.6,,,,,,,5.667840551832274,0.026832815729997475,256,4.0,0.9080474009608495,,1,511,1,exact,,,2,0.0002051781072075529,,,,0.019415832997765392,1d6a501c538f5ee5daa7caa49430102a33e1ce07
dv3-B-lgcp-330251,3,B,lgcp,330251,33,,251,3:2:5:330251,,test,23,500.0,,,,,,,,,1.0935350931798347,0.6,,,,,,,5.667840551832274,0.026832815729997475,256,4.0,0.9080474009608495,,1,488,1,exact,,,2,0.0002051781072075529,,,,0.018650999998499174,3dbc85344bc1f5c26bb0aea15aa8d9a53e22c6b3
dv3-B-lgcp-330252,3,B,lgcp,330252,33,,252,3:2:5:330252,,test,23,500.0,,,,,,,,,1.0935350931798347,0.6,,,,,,,5.667840551832274,0.026832815729997475,256,4.0,0.9080474009608495,,1,497,1,exact,,,2,0.0002051781072075529,,,,0.020813999999518273,8cf0ed22d38c7be0d486dd69f3055fc7b6b3b909
dv3-B-lgcp-330253,3,B,lgcp,330253,33,,253,3:2:5:330253,,test,23,500.0,,,,,,,,,1.0935350931798347,0.6,,,,,,,5.667840551832274,0.026832815729997475,256,4.0,0.9080474009608495,,1,453,1,exact,,,2,0.0002051781072075529,,,,0.016007207999791717,a3b6ed3e261e6b80e4efde9d2062e6fa36e81073
dv3-B-lgcp-330254,3,B,lgcp,330254,33,,254,3:2:5:330254,,test,23,500.0,,,,,,,,,1.0935350931798347,0.6,,,,,,,5.667840551832274,0.026832815729997475,256,4.0,0.9080474009608495,,1,471,1,exact,,,2,0.0002051781072075529,,,,0.022698624998156447,be036274dabf82331bcc6c72d249329956c760ba
dv3-B-lgcp-330255,3,B,lgcp,330255,33,,255,3:2:5:330255,,test,23,500.0,,,,,,,,,1.0935350931798347,0.6,,,,,,,5.667840551832274,0.026832815729997475,256,4.0,0.9080474009608495,,1,542,1,exact,,,2,0.0002051781072075529,,,,0.02075574999980745,6170f7b6e91681acac200725b99551b936fef11e
dv3-B-lgcp-330256,3,B,lgcp,330256,33,,256,3:2:5:330256,,test,23,500.0,,,,,,,,,1.0935350931798347,0.6,,,,,,,5.667840551832274,0.026832815729997475,256,4.0,0.9080474009608495,,1,553,1,exact,,,2,0.0002051781072075529,,,,0.020655874999647494,bd0f31a5885e01ddb46d12cbc6f358636cebba91
dv3-B-lgcp-330257,3,B,lgcp,330257,33,,257,3:2:5:330257,,test,23,500.0,,,,,,,,,1.0935350931798347,0.6,,,,,,,5.667840551832274,0.026832815729997475,256,4.0,0.9080474009608495,,1,532,1,exact,,,2,0.0002051781072075529,,,,0.020882041000731988,6faaa248735f474e43e699bedd0538e900e47301
dv3-B-lgcp-330258,3,B,lgcp,330258,33,,258,3:2:5:330258,,test,23,500.0,,,,,,,,,1.0935350931798347,0.6,,,,,,,5.667840551832274,0.026832815729997475,256,4.0,0.9080474009608495,,1,510,1,exact,,,2,0.0002051781072075529,,,,0.014664750000520144,65adc9c2480f055cddc894848b17617aab212bbe
dv3-B-lgcp-330259,3,B,lgcp,330259,33,,259,3:2:5:330259,,test,23,500.0,,,,,,,,,1.0935350931798347,0.6,,,,,,,5.667840551832274,0.026832815729997475,256,4.0,0.9080474009608495,,1,496,1,exact,,,2,0.0002051781072075529,,,,0.02049066700055846,368ba55d6161e574d8015fd9430447d66c8b44e5
dv3-B-lgcp-330260,3,B,lgcp,330260,33,,260,3:2:5:330260,,test,23,500.0,,,,,,,,,1.0935350931798347,0.6,,,,,,,5.667840551832274,0.026832815729997475,256,4.0,0.9080474009608495,,1,575,1,exact,,,2,0.0002051781072075529,,,,0.021871749999263557,0a1253509e99a1352af608eeae911a4e0aa6935d
dv3-B-lgcp-330261,3,B,lgcp,330261,33,,261,3:2:5:330261,,test,23,500.0,,,,,,,,,1.0935350931798347,0.6,,,,,,,5.667840551832274,0.026832815729997475,256,4.0,0.9080474009608495,,1,484,1,exact,,,2,0.0002051781072075529,,,,0.02548870800092118,d8f7d467072b2f8769e721658d26c0a1e220f443
dv3-B-lgcp-330262,3,B,lgcp,330262,33,,262,3:2:5:330262,,test,23,500.0,,,,,,,,,1.0935350931798347,0.6,,,,,,,5.667840551832274,0.026832815729997475,256,4.0,0.9080474009608495,,1,511,1,exact,,,2,0.0002051781072075529,,,,0.02877954200084787,4b5262529525d786de2d39ab925fb3ae1ba99d49
dv3-B-lgcp-330263,3,B,lgcp,330263,33,,263,3:2:5:330263,,test,23,500.0,,,,,,,,,1.0935350931798347,0.6,,,,,,,5.667840551832274,0.026832815729997475,256,4.0,0.9080474009608495,,1,537,1,exact,,,2,0.0002051781072075529,,,,0.02882954100277857,6f45b658e52306e3de2fba757be89bcd4a1566c6
dv3-B-lgcp-330264,3,B,lgcp,330264,33,,264,3:2:5:330264,,test,23,500.0,,,,,,,,,1.0935350931798347,0.6,,,,,,,5.667840551832274,0.026832815729997475,256,4.0,0.9080474009608495,,1,552,1,exact,,,2,0.0002051781072075529,,,,0.02124366699717939,a40f31aac136db7dfa7f4bae478af703d89e105e
dv3-B-lgcp-330265,3,B,lgcp,330265,33,,265,3:2:5:330265,,test,23,500.0,,,,,,,,,1.0935350931798347,0.6,,,,,,,5.667840551832274,0.026832815729997475,256,4.0,0.9080474009608495,,1,561,1,exact,,,2,0.0002051781072075529,,,,0.025953125001251465,52b0dc02049959111691a47a10962f05f52d6d7f
dv3-B-lgcp-330266,3,B,lgcp,330266,33,,266,3:2:5:330266,,test,23,500.0,,,,,,,,,1.0935350931798347,0.6,,,,,,,5.667840551832274,0.026832815729997475,256,4.0,0.9080474009608495,,1,519,1,exact,,,2,0.0002051781072075529,,,,0.014202833001036197,7148422d310d410bfb8913710c6fbd5587a97e37
dv3-B-lgcp-330267,3,B,lgcp,330267,33,,267,3:2:5:330267,,test,23,500.0,,,,,,,,,1.0935350931798347,0.6,,,,,,,5.667840551832274,0.026832815729997475,256,4.0,0.9080474009608495,,1,447,1,exact,,,2,0.0002051781072075529,,,,0.020424916001502424,b94192a39657ebaffddf15d9aca758d6612584db
dv3-B-lgcp-330268,3,B,lgcp,330268,33,,268,3:2:5:330268,,test,23,500.0,,,,,,,,,1.0935350931798347,0.6,,,,,,,5.667840551832274,0.026832815729997475,256,4.0,0.9080474009608495,,1,526,1,exact,,,2,0.0002051781072075529,,,,0.015926125000987668,20c5644f6dac2ec3b5d4d2d096ee8e0eb790128b
dv3-B-lgcp-330269,3,B,lgcp,330269,33,,269,3:2:5:330269,,test,23,500.0,,,,,,,,,1.0935350931798347,0.6,,,,,,,5.667840551832274,0.026832815729997475,256,4.0,0.9080474009608495,,1,547,1,exact,,,2,0.0002051781072075529,,,,0.026699958001699997,00f07bb18090981d97c455085bab2817c28d2e7b
dv3-B-lgcp-330270,3,B,lgcp,330270,33,,270,3:2:5:330270,,test,23,500.0,,,,,,,,,1.0935350931798347,0.6,,,,,,,5.667840551832274,0.026832815729997475,256,4.0,0.9080474009608495,,1,483,1,exact,,,2,0.0002051781072075529,,,,0.015135957997699734,9059a1477fd06bee62c0be07abe0b7509d4bfc47
dv3-B-lgcp-330271,3,B,lgcp,330271,33,,271,3:2:5:330271,,test,23,500.0,,,,,,,,,1.0935350931798347,0.6,,,,,,,5.667840551832274,0.026832815729997475,256,4.0,0.9080474009608495,,1,477,1,exact,,,2,0.0002051781072075529,,,,0.017318000001978362,1900bc7e83c34d0651ed3d0d7464867cce29ef87
dv3-B-lgcp-330272,3,B,lgcp,330272,33,,272,3:2:5:330272,,test,23,500.0,,,,,,,,,1.0935350931798347,0.6,,,,,,,5.667840551832274,0.026832815729997475,256,4.0,0.9080474009608495,,1,492,1,exact,,,2,0.0002051781072075529,,,,0.01793158299915376,9e1f83d453b81aa10a7991fdb627058b4fd9ae32
dv3-B-lgcp-330273,3,B,lgcp,330273,33,,273,3:2:5:330273,,test,23,500.0,,,,,,,,,1.0935350931798347,0.6,,,,,,,5.667840551832274,0.026832815729997475,256,4.0,0.9080474009608495,,1,453,1,exact,,,2,0.0002051781072075529,,,,0.01469195900062914,f635c61dbaf0ce30df54e4fbf56ca0c1a2cf25ed
dv3-B-lgcp-330274,3,B,lgcp,330274,33,,274,3:2:5:330274,,test,23,500.0,,,,,,,,,1.0935350931798347,0.6,,,,,,,5.667840551832274,0.026832815729997475,256,4.0,0.9080474009608495,,1,547,1,exact,,,2,0.0002051781072075529,,,,0.02156779199867742,9ea5a3747e4ca9b3c36338bf8148a587897a27c3
dv3-B-lgcp-330275,3,B,lgcp,330275,33,,275,3:2:5:330275,,test,23,500.0,,,,,,,,,1.0935350931798347,0.6,,,,,,,5.667840551832274,0.026832815729997475,256,4.0,0.9080474009608495,,1,446,1,exact,,,2,0.0002051781072075529,,,,0.015611208000336774,b0b2f804f9f7d202a385628616948c53d7be7360
dv3-B-lgcp-330276,3,B,lgcp,330276,33,,276,3:2:5:330276,,test,23,500.0,,,,,,,,,1.0935350931798347,0.6,,,,,,,5.667840551832274,0.026832815729997475,256,4.0,0.9080474009608495,,1,492,1,exact,,,2,0.0002051781072075529,,,,0.01838908300123876,f52e01a646086e55511dc438ed70c4a9537fe845
dv3-B-lgcp-330277,3,B,lgcp,330277,33,,277,3:2:5:330277,,test,23,500.0,,,,,,,,,1.0935350931798347,0.6,,,,,,,5.667840551832274,0.026832815729997475,256,4.0,0.9080474009608495,,1,408,1,exact,,,2,0.0002051781072075529,,,,0.015158874997723615,4bd86b82f4c76eb000fa2f47f5639a132e82f15d
dv3-B-lgcp-330278,3,B,lgcp,330278,33,,278,3:2:5:330278,,test,23,500.0,,,,,,,,,1.0935350931798347,0.6,,,,,,,5.667840551832274,0.026832815729997475,256,4.0,0.9080474009608495,,1,588,1,exact,,,2,0.0002051781072075529,,,,0.018487291999917943,4cfd2f4150fb15c00621201be95ed96b01f754f3
dv3-B-lgcp-330279,3,B,lgcp,330279,33,,279,3:2:5:330279,,test,23,500.0,,,,,,,,,1.0935350931798347,0.6,,,,,,,5.667840551832274,0.026832815729997475,256,4.0,0.9080474009608495,,1,527,1,exact,,,2,0.0002051781072075529,,,,0.013205958999606082,08718d4db11b20eacff40d2b198994f697a6ed54
dv3-B-lgcp-330280,3,B,lgcp,330280,33,,280,3:2:5:330280,,test,23,500.0,,,,,,,,,1.0935350931798347,0.6,,,,,,,5.667840551832274,0.026832815729997475,256,4.0,0.9080474009608495,,1,498,1,exact,,,2,0.0002051781072075529,,,,0.01893720899897744,36a3bdad3355ac79f8efdd5a6891c5a78394f240
dv3-B-lgcp-330281,3,B,lgcp,330281,33,,281,3:2:5:330281,,test,23,500.0,,,,,,,,,1.0935350931798347,0.6,,,,,,,5.667840551832274,0.026832815729997475,256,4.0,0.9080474009608495,,1,585,1,exact,,,2,0.0002051781072075529,,,,0.012620249999599764,90e446c4cc9aed1df9eaed75ab6ae476959f13d3
dv3-B-lgcp-330282,3,B,lgcp,330282,33,,282,3:2:5:330282,,test,23,500.0,,,,,,,,,1.0935350931798347,0.6,,,,,,,5.667840551832274,0.026832815729997475,256,4.0,0.9080474009608495,,1,471,1,exact,,,2,0.0002051781072075529,,,,0.01758591700126999,6eff38cb2db8a2a263d1138148af3600b251720e
dv3-B-lgcp-330283,3,B,lgcp,330283,33,,283,3:2:5:330283,,test,23,500.0,,,,,,,,,1.0935350931798347,0.6,,,,,,,5.667840551832274,0.026832815729997475,256,4.0,0.9080474009608495,,1,528,1,exact,,,2,0.0002051781072075529,,,,0.02244737499859184,334a48a495d57d0944cb888eb6d6221fb4acec4e
dv3-B-lgcp-330284,3,B,lgcp,330284,33,,284,3:2:5:330284,,test,23,500.0,,,,,,,,,1.0935350931798347,0.6,,,,,,,5.667840551832274,0.026832815729997475,256,4.0,0.9080474009608495,,1,531,1,exact,,,2,0.0002051781072075529,,,,0.02181525000196416,a57ebebcf3bd70ddc3639df3904f2fdc894e626a
dv3-B-lgcp-330285,3,B,lgcp,330285,33,,285,3:2:5:330285,,test,23,500.0,,,,,,,,,1.0935350931798347,0.6,,,,,,,5.667840551832274,0.026832815729997475,256,4.0,0.9080474009608495,,1,583,1,exact,,,2,0.0002051781072075529,,,,0.023466416998417117,a84e294edbb8501fc3fa4538e4126214cc646a81
dv3-B-lgcp-330286,3,B,lgcp,330286,33,,286,3:2:5:330286,,test,23,500.0,,,,,,,,,1.0935350931798347,0.6,,,,,,,5.667840551832274,0.026832815729997475,256,4.0,0.9080474009608495,,1,540,1,exact,,,2,0.0002051781072075529,,,,0.0201621249980235,248c8bd6ee10231b3e91b28aef13f15830edc715
dv3-B-lgcp-330287,3,B,lgcp,330287,33,,287,3:2:5:330287,,test,23,500.0,,,,,,,,,1.0935350931798347,0.6,,,,,,,5.667840551832274,0.026832815729997475,256,4.0,0.9080474009608495,,1,496,1,exact,,,2,0.0002051781072075529,,,,0.016012124997359933,0c0db302b5970b69d0855d70bb5b82286e32ac88
dv3-B-lgcp-330288,3,B,lgcp,330288,33,,288,3:2:5:330288,,test,23,500.0,,,,,,,,,1.0935350931798347,0.6,,,,,,,5.667840551832274,0.026832815729997475,256,4.0,0.9080474009608495,,1,559,1,exact,,,2,0.0002051781072075529,,,,0.011370167001587106,849037c6897be66434e408db1649343c80ce7548
dv3-B-lgcp-330289,3,B,lgcp,330289,33,,289,3:2:5:330289,,test,23,500.0,,,,,,,,,1.0935350931798347,0.6,,,,,,,5.667840551832274,0.026832815729997475,256,4.0,0.9080474009608495,,1,502,1,exact,,,2,0.0002051781072075529,,,,0.01392195800144691,267ac6e47ace642ed2ed2bf9e1b034ed402314cd
dv3-B-lgcp-330290,3,B,lgcp,330290,33,,290,3:2:5:330290,,test,23,500.0,,,,,,,,,1.0935350931798347,0.6,,,,,,,5.667840551832274,0.026832815729997475,256,4.0,0.9080474009608495,,1,523,1,exact,,,2,0.0002051781072075529,,,,0.015038749999803258,0bc8a726ba76552eeffcfb666391f21dbf0a94a4
dv3-B-lgcp-330291,3,B,lgcp,330291,33,,291,3:2:5:330291,,test,23,500.0,,,,,,,,,1.0935350931798347,0.6,,,,,,,5.667840551832274,0.026832815729997475,256,4.0,0.9080474009608495,,1,509,1,exact,,,2,0.0002051781072075529,,,,0.015537582999968436,f0e4dc0e02f4fd3305b4493b9cc7db6ca4d6f8d1
dv3-B-lgcp-330292,3,B,lgcp,330292,33,,292,3:2:5:330292,,test,23,500.0,,,,,,,,,1.0935350931798347,0.6,,,,,,,5.667840551832274,0.026832815729997475,256,4.0,0.9080474009608495,,1,460,1,exact,,,2,0.0002051781072075529,,,,0.020231916001648642,6760b7b27873622c5233b6fc87a7b94fa13fb208
dv3-B-lgcp-330293,3,B,lgcp,330293,33,,293,3:2:5:330293,,test,23,500.0,,,,,,,,,1.0935350931798347,0.6,,,,,,,5.667840551832274,0.026832815729997475,256,4.0,0.9080474009608495,,1,559,1,exact,,,2,0.0002051781072075529,,,,0.021916666999459267,679365bf3b3cefcbfb4ff44271ecb07dfb7b3d82
dv3-B-lgcp-330294,3,B,lgcp,330294,33,,294,3:2:5:330294,,test,23,500.0,,,,,,,,,1.0935350931798347,0.6,,,,,,,5.667840551832274,0.026832815729997475,256,4.0,0.9080474009608495,,1,466,1,exact,,,2,0.0002051781072075529,,,,0.01607762500134413,123f90a9bec9c6074e783b361310ca3c87806b42
dv3-B-lgcp-330295,3,B,lgcp,330295,33,,295,3:2:5:330295,,test,23,500.0,,,,,,,,,1.0935350931798347,0.6,,,,,,,5.667840551832274,0.026832815729997475,256,4.0,0.9080474009608495,,1,572,1,exact,,,2,0.0002051781072075529,,,,0.0178439579976839,08c53915942f4d4979c53797d1270c9005153e37
dv3-B-lgcp-330296,3,B,lgcp,330296,33,,296,3:2:5:330296,,test,23,500.0,,,,,,,,,1.0935350931798347,0.6,,,,,,,5.667840551832274,0.026832815729997475,256,4.0,0.9080474009608495,,1,493,1,exact,,,2,0.0002051781072075529,,,,0.018401667002763133,7f68aca326b59fedb60cdf9b4401949db29e0ef5
dv3-B-lgcp-330297,3,B,lgcp,330297,33,,297,3:2:5:330297,,test,23,500.0,,,,,,,,,1.0935350931798347,0.6,,,,,,,5.667840551832274,0.026832815729997475,256,4.0,0.9080474009608495,,1,522,1,exact,,,2,0.0002051781072075529,,,,0.013716042001760798,f663d90958638a6a82fd51f875c8047e82c6d3d2
dv3-B-lgcp-330298,3,B,lgcp,330298,33,,298,3:2:5:330298,,test,23,500.0,,,,,,,,,1.0935350931798347,0.6,,,,,,,5.667840551832274,0.026832815729997475,256,4.0,0.9080474009608495,,1,536,1,exact,,,2,0.0002051781072075529,,,,0.015998500002751825,6ef36e16058b8f546e44a03688bbed3ccb0db17c
dv3-B-lgcp-330299,3,B,lgcp,330299,33,,299,3:2:5:330299,,test,23,500.0,,,,,,,,,1.0935350931798347,0.6,,,,,,,5.667840551832274,0.026832815729997475,256,4.0,0.9080474009608495,,1,523,1,exact,,,2,0.0002051781072075529,,,,0.020016917002067203,5b564de036d544d2f5ca67f3927d435dc5031b3d
dv3-B-lgcp-330300,3,B,lgcp,330300,33,,300,3:2:5:330300,,test,23,500.0,,,,,,,,,1.0935350931798347,0.6,,,,,,,5.667840551832274,0.026832815729997475,256,4.0,0.9080474009608495,,1,483,1,exact,,,2,0.0002051781072075529,,,,0.014105291000305442,c72354ec9dee86e35f9a1000fc149bdc6cbb1b20
dv3-B-lgcp-330301,3,B,lgcp,330301,33,,301,3:2:5:330301,,test,23,500.0,,,,,,,,,1.0935350931798347,0.6,,,,,,,5.667840551832274,0.026832815729997475,256,4.0,0.9080474009608495,,1,506,1,exact,,,2,0.0002051781072075529,,,,0.017062833001546096,ec39cb689c930af876882750bde6515afd1b4bc2
dv3-B-lgcp-330302,3,B,lgcp,330302,33,,302,3:2:5:330302,,test,23,500.0,,,,,,,,,1.0935350931798347,0.6,,,,,,,5.667840551832274,0.026832815729997475,256,4.0,0.9080474009608495,,1,385,1,exact,,,2,0.0002051781072075529,,,,0.017571958000189625,b655fac150ffba9c1a8806c94f452284536fa2a8
dv3-B-lgcp-330303,3,B,lgcp,330303,33,,303,3:2:5:330303,,test,23,500.0,,,,,,,,,1.0935350931798347,0.6,,,,,,,5.667840551832274,0.026832815729997475,256,4.0,0.9080474009608495,,1,505,1,exact,,,2,0.0002051781072075529,,,,0.016036707998864586,6c2d994b4c79ee51a7feb2dba685e9d66f6a44b8
dv3-B-lgcp-330304,3,B,lgcp,330304,33,,304,3:2:5:330304,,test,23,500.0,,,,,,,,,1.0935350931798347,0.6,,,,,,,5.667840551832274,0.026832815729997475,256,4.0,0.9080474009608495,,1,508,1,exact,,,2,0.0002051781072075529,,,,0.014619125002354849,90f52e75faea4e351b34cf7e8966412d723f8203
dv3-B-lgcp-330305,3,B,lgcp,330305,33,,305,3:2:5:330305,,test,23,500.0,,,,,,,,,1.0935350931798347,0.6,,,,,,,5.667840551832274,0.026832815729997475,256,4.0,0.9080474009608495,,1,494,1,exact,,,2,0.0002051781072075529,,,,0.012259999999514548,013fea78e21fc01ec6da9410a540954c5469e690
dv3-B-lgcp-330306,3,B,lgcp,330306,33,,306,3:2:5:330306,,test,23,500.0,,,,,,,,,1.0935350931798347,0.6,,,,,,,5.667840551832274,0.026832815729997475,256,4.0,0.9080474009608495,,1,490,1,exact,,,2,0.0002051781072075529,,,,0.014717000001837732,3aff5a87fff90ed449bca4353d6433052d4657d9
dv3-B-lgcp-330307,3,B,lgcp,330307,33,,307,3:2:5:330307,,test,23,500.0,,,,,,,,,1.0935350931798347,0.6,,,,,,,5.667840551832274,0.026832815729997475,256,4.0,0.9080474009608495,,1,442,1,exact,,,2,0.0002051781072075529,,,,0.02499629199883202,bce467e3d0566d6769f1748a9e013ff6af8c3456
dv3-B-lgcp-330308,3,B,lgcp,330308,33,,308,3:2:5:330308,,test,23,500.0,,,,,,,,,1.0935350931798347,0.6,,,,,,,5.667840551832274,0.026832815729997475,256,4.0,0.9080474009608495,,1,514,1,exact,,,2,0.0002051781072075529,,,,0.016000499999790918,72931f6d418710c0ed4f90aefe91983d1a406f72
dv3-B-lgcp-330309,3,B,lgcp,330309,33,,309,3:2:5:330309,,test,23,500.0,,,,,,,,,1.0935350931798347,0.6,,,,,,,5.667840551832274,0.026832815729997475,256,4.0,0.9080474009608495,,1,540,1,exact,,,2,0.0002051781072075529,,,,0.018465290999301942,f99122235a63dd05271c96e42b6be0e1110c1762
dv3-B-lgcp-330310,3,B,lgcp,330310,33,,310,3:2:5:330310,,test,23,500.0,,,,,,,,,1.0935350931798347,0.6,,,,,,,5.667840551832274,0.026832815729997475,256,4.0,0.9080474009608495,,1,487,1,exact,,,2,0.0002051781072075529,,,,0.01845083300213446,85d650ad5f11cbd373f40ff40176df646a921019
dv3-B-lgcp-330311,3,B,lgcp,330311,33,,311,3:2:5:330311,,test,23,500.0,,,,,,,,,1.0935350931798347,0.6,,,,,,,5.667840551832274,0.026832815729997475,256,4.0,0.9080474009608495,,1,505,1,exact,,,2,0.0002051781072075529,,,,0.015741374998469837,11b324c6b6fe30fc6b6fa014635309b1b0e230ae
dv3-B-lgcp-330312,3,B,lgcp,330312,33,,312,3:2:5:330312,,test,23,500.0,,,,,,,,,1.0935350931798347,0.6,,,,,,,5.667840551832274,0.026832815729997475,256,4.0,0.9080474009608495,,1,546,1,exact,,,2,0.0002051781072075529,,,,0.015292166001017904,4f78c2ba0ae23e62da619d0b02336fd478ac7715
dv3-B-lgcp-330313,3,B,lgcp,330313,33,,313,3:2:5:330313,,test,23,500.0,,,,,,,,,1.0935350931798347,0.6,,,,,,,5.667840551832274,0.026832815729997475,256,4.0,0.9080474009608495,,1,434,1,exact,,,2,0.0002051781072075529,,,,0.013788333999400493,4f1c011a28b9aa0a31285986632977fa77a35f80
dv3-B-lgcp-330314,3,B,lgcp,330314,33,,314,3:2:5:330314,,test,23,500.0,,,,,,,,,1.0935350931798347,0.6,,,,,,,5.667840551832274,0.026832815729997475,256,4.0,0.9080474009608495,,1,481,1,exact,,,2,0.0002051781072075529,,,,0.01616029100114247,693126fb493ee36201fb7b3fee94ef2b0a752990
dv3-B-lgcp-330315,3,B,lgcp,330315,33,,315,3:2:5:330315,,test,23,500.0,,,,,,,,,1.0935350931798347,0.6,,,,,,,5.667840551832274,0.026832815729997475,256,4.0,0.9080474009608495,,1,470,1,exact,,,2,0.0002051781072075529,,,,0.016418082999734906,45ddffadf4f0750969212a2da3c9fee976e03c69
dv3-B-lgcp-330316,3,B,lgcp,330316,33,,316,3:2:5:330316,,test,23,500.0,,,,,,,,,1.0935350931798347,0.6,,,,,,,5.667840551832274,0.026832815729997475,256,4.0,0.9080474009608495,,1,524,1,exact,,,2,0.0002051781072075529,,,,0.013800459000776755,bcf46ac9c46336c9ded03852806f02572da445b4
dv3-B-lgcp-330317,3,B,lgcp,330317,33,,317,3:2:5:330317,,test,23,500.0,,,,,,,,,1.0935350931798347,0.6,,,,,,,5.667840551832274,0.026832815729997475,256,4.0,0.9080474009608495,,1,489,1,exact,,,2,0.0002051781072075529,,,,0.01740766600050847,bd2556ae493bcdd12059e59675ec035c43502874
dv3-B-lgcp-330318,3,B,lgcp,330318,33,,318,3:2:5:330318,,test,23,500.0,,,,,,,,,1.0935350931798347,0.6,,,,,,,5.667840551832274,0.026832815729997475,256,4.0,0.9080474009608495,,1,494,1,exact,,,2,0.0002051781072075529,,,,0.014192833001288818,8a13bfa8fe2baac366536c090f7ede21adcc3c1d
dv3-B-lgcp-330319,3,B,lgcp,330319,33,,319,3:2:5:330319,,test,23,500.0,,,,,,,,,1.0935350931798347,0.6,,,,,,,5.667840551832274,0.026832815729997475,256,4.0,0.9080474009608495,,1,493,1,exact,,,2,0.0002051781072075529,,,,0.013816167000186397,8bc9ba0dacc7116baf787d37b50b79b951026cec
dv3-B-lgcp-330320,3,B,lgcp,330320,33,,320,3:2:5:330320,,test,23,500.0,,,,,,,,,1.0935350931798347,0.6,,,,,,,5.667840551832274,0.026832815729997475,256,4.0,0.9080474009608495,,1,553,1,exact,,,2,0.0002051781072075529,,,,0.016186125001695473,d533c28a86d068353594ee8bbf5f52a996c969d1
dv3-B-lgcp-330321,3,B,lgcp,330321,33,,321,3:2:5:330321,,test,23,500.0,,,,,,,,,1.0935350931798347,0.6,,,,,,,5.667840551832274,0.026832815729997475,256,4.0,0.9080474009608495,,1,483,1,exact,,,2,0.0002051781072075529,,,,0.01631883300069603,a1315efc51b1d6e45f2a31f25da3cf3577103e6d
dv3-B-lgcp-330322,3,B,lgcp,330322,33,,322,3:2:5:330322,,test,23,500.0,,,,,,,,,1.0935350931798347,0.6,,,,,,,5.667840551832274,0.026832815729997475,256,4.0,0.9080474009608495,,1,423,1,exact,,,2,0.0002051781072075529,,,,0.011865749998833053,4783ec625d6a7de6be911a6103d6f16c1571e2f7
dv3-B-lgcp-330323,3,B,lgcp,330323,33,,323,3:2:5:330323,,test,23,500.0,,,,,,,,,1.0935350931798347,0.6,,,,,,,5.667840551832274,0.026832815729997475,256,4.0,0.9080474009608495,,1,555,1,exact,,,2,0.0002051781072075529,,,,0.01909904200147139,39e860a3e6a370abfa3ea1aec7453c7e99dc7108
dv3-B-lgcp-330324,3,B,lgcp,330324,33,,324,3:2:5:330324,,test,23,500.0,,,,,,,,,1.0935350931798347,0.6,,,,,,,5.667840551832274,0.026832815729997475,256,4.0,0.9080474009608495,,1,471,1,exact,,,2,0.0002051781072075529,,,,0.01680258399937884,ff2f4b5c52ab8425b97ba01cbf411feb21404bb0
dv3-B-lgcp-330325,3,B,lgcp,330325,33,,325,3:2:5:330325,,test,23,500.0,,,,,,,,,1.0935350931798347,0.6,,,,,,,5.667840551832274,0.026832815729997475,256,4.0,0.9080474009608495,,1,461,1,exact,,,2,0.0002051781072075529,,,,0.019761125000513857,d12837d3fe24ccef272b438ca03b860e4d29da53
dv3-B-lgcp-330326,3,B,lgcp,330326,33,,326,3:2:5:330326,,test,23,500.0,,,,,,,,,1.0935350931798347,0.6,,,,,,,5.667840551832274,0.026832815729997475,256,4.0,0.9080474009608495,,1,555,1,exact,,,2,0.0002051781072075529,,,,0.0206679160000931,cebb3fb818407db7e3335e91284742bfdc73fc6f
dv3-B-lgcp-330327,3,B,lgcp,330327,33,,327,3:2:5:330327,,test,23,500.0,,,,,,,,,1.0935350931798347,0.6,,,,,,,5.667840551832274,0.026832815729997475,256,4.0,0.9080474009608495,,1,414,1,exact,,,2,0.0002051781072075529,,,,0.020005541999125853,279c2707a655faf80ecec1fee91a6f71ea051618
dv3-B-lgcp-330328,3,B,lgcp,330328,33,,328,3:2:5:330328,,test,23,500.0,,,,,,,,,1.0935350931798347,0.6,,,,,,,5.667840551832274,0.026832815729997475,256,4.0,0.9080474009608495,,1,512,1,exact,,,2,0.0002051781072075529,,,,0.017890207996970275,ece06a723a106b7b2969badd5f8e20579f323c34
dv3-B-lgcp-330329,3,B,lgcp,330329,33,,329,3:2:5:330329,,test,23,500.0,,,,,,,,,1.0935350931798347,0.6,,,,,,,5.667840551832274,0.026832815729997475,256,4.0,0.9080474009608495,,1,516,1,exact,,,2,0.0002051781072075529,,,,0.013554167002439499,e087c4efc83219c4cfc49dc8179935aca2989cd4
dv3-B-lgcp-330330,3,B,lgcp,330330,33,,330,3:2:5:330330,,test,23,500.0,,,,,,,,,1.0935350931798347,0.6,,,,,,,5.667840551832274,0.026832815729997475,256,4.0,0.9080474009608495,,1,457,1,exact,,,2,0.0002051781072075529,,,,0.013399249997746665,9b92686e7743ef7ab85b47b52704dd38402c3acc
dv3-B-lgcp-330331,3,B,lgcp,330331,33,,331,3:2:5:330331,,test,23,500.0,,,,,,,,,1.0935350931798347,0.6,,,,,,,5.667840551832274,0.026832815729997475,256,4.0,0.9080474009608495,,1,541,1,exact,,,2,0.0002051781072075529,,,,0.01842433300043922,d7ecf5756052cca498535d7215550e8d1f468a6c
dv3-B-lgcp-330332,3,B,lgcp,330332,33,,332,3:2:5:330332,,test,23,500.0,,,,,,,,,1.0935350931798347,0.6,,,,,,,5.667840551832274,0.026832815729997475,256,4.0,0.9080474009608495,,1,464,1,exact,,,2,0.0002051781072075529,,,,0.013290834001963958,928e2baacd94903796717f397263953fd93224eb
dv3-B-lgcp-330333,3,B,lgcp,330333,33,,333,3:2:5:330333,,test,23,500.0,,,,,,,,,1.0935350931798347,0.6,,,,,,,5.667840551832274,0.026832815729997475,256,4.0,0.9080474009608495,,1,538,1,exact,,,2,0.0002051781072075529,,,,0.015134415996726602,aa207fa552f498d618106b687e9d744bcdf1ae50
dv3-B-lgcp-330334,3,B,lgcp,330334,33,,334,3:2:5:330334,,test,23,500.0,,,,,,,,,1.0935350931798347,0.6,,,,,,,5.667840551832274,0.026832815729997475,256,4.0,0.9080474009608495,,1,485,1,exact,,,2,0.0002051781072075529,,,,0.019143124998663552,6a0ca681418ec63a9be5d1628e72088796774e1f
dv3-B-lgcp-330335,3,B,lgcp,330335,33,,335,3:2:5:330335,,test,23,500.0,,,,,,,,,1.0935350931798347,0.6,,,,,,,5.667840551832274,0.026832815729997475,256,4.0,0.9080474009608495,,1,508,1,exact,,,2,0.0002051781072075529,,,,0.013546541002142476,4627ed07f6feadbdd4592309a604a7fb2fb6b930
dv3-B-lgcp-330336,3,B,lgcp,330336,33,,336,3:2:5:330336,,test,23,500.0,,,,,,,,,1.0935350931798347,0.6,,,,,,,5.667840551832274,0.026832815729997475,256,4.0,0.9080474009608495,,1,478,1,exact,,,2,0.0002051781072075529,,,,0.018363250001129927,6d1804eeb4ecadbd3229e453d0bba6481ecbfd2a
dv3-B-lgcp-330337,3,B,lgcp,330337,33,,337,3:2:5:330337,,test,23,500.0,,,,,,,,,1.0935350931798347,0.6,,,,,,,5.667840551832274,0.026832815729997475,256,4.0,0.9080474009608495,,1,569,1,exact,,,2,0.0002051781072075529,,,,0.021701166999264387,b136e51c4e15af615dc4661eadf53e0d15c47ccf
dv3-B-lgcp-330338,3,B,lgcp,330338,33,,338,3:2:5:330338,,test,23,500.0,,,,,,,,,1.0935350931798347,0.6,,,,,,,5.667840551832274,0.026832815729997475,256,4.0,0.9080474009608495,,1,542,1,exact,,,2,0.0002051781072075529,,,,0.014737917001184542,d2a028aab87ec1d6a828f1c15804e3414893113f
dv3-B-lgcp-330339,3,B,lgcp,330339,33,,339,3:2:5:330339,,test,23,500.0,,,,,,,,,1.0935350931798347,0.6,,,,,,,5.667840551832274,0.026832815729997475,256,4.0,0.9080474009608495,,1,484,1,exact,,,2,0.0002051781072075529,,,,0.01684420899982797,7e085df0021e3179c46e1a404d777aa964697cd3
dv3-B-lgcp-330340,3,B,lgcp,330340,33,,340,3:2:5:330340,,test,23,500.0,,,,,,,,,1.0935350931798347,0.6,,,,,,,5.667840551832274,0.026832815729997475,256,4.0,0.9080474009608495,,1,557,1,exact,,,2,0.0002051781072075529,,,,0.016248666997853434,54ff86afabf886d4b9fd97d3c24d4a1fc3ba7971
dv3-B-lgcp-330341,3,B,lgcp,330341,33,,341,3:2:5:330341,,test,23,500.0,,,,,,,,,1.0935350931798347,0.6,,,,,,,5.667840551832274,0.026832815729997475,256,4.0,0.9080474009608495,,1,498,1,exact,,,2,0.0002051781072075529,,,,0.01601658399886219,c44b210fd071b6d0fa9164ac30cd511ca8bec3c8
dv3-B-lgcp-330342,3,B,lgcp,330342,33,,342,3:2:5:330342,,test,23,500.0,,,,,,,,,1.0935350931798347,0.6,,,,,,,5.667840551832274,0.026832815729997475,256,4.0,0.9080474009608495,,1,513,1,exact,,,2,0.0002051781072075529,,,,0.01759795899852179,ea081660524184bddac5a2f24d99cd4fc1098121
dv3-B-lgcp-330343,3,B,lgcp,330343,33,,343,3:2:5:330343,,test,23,500.0,,,,,,,,,1.0935350931798347,0.6,,,,,,,5.667840551832274,0.026832815729997475,256,4.0,0.9080474009608495,,1,417,1,exact,,,2,0.0002051781072075529,,,,0.018254582999361446,ac65be9e05b409415366e7ed0aca49b8dce81d95
dv3-B-lgcp-330344,3,B,lgcp,330344,33,,344,3:2:5:330344,,test,23,500.0,,,,,,,,,1.0935350931798347,0.6,,,,,,,5.667840551832274,0.026832815729997475,256,4.0,0.9080474009608495,,1,549,1,exact,,,2,0.0002051781072075529,,,,0.01489183299781871,a726091f606791eaebbbb2a496a65acdb23aa016
dv3-B-lgcp-330345,3,B,lgcp,330345,33,,345,3:2:5:330345,,test,23,500.0,,,,,,,,,1.0935350931798347,0.6,,,,,,,5.667840551832274,0.026832815729997475,256,4.0,0.9080474009608495,,1,555,1,exact,,,2,0.0002051781072075529,,,,0.014450999999098713,ee38518c916bd29d125ed1598b53faa62a191c7f
dv3-B-lgcp-330346,3,B,lgcp,330346,33,,346,3:2:5:330346,,test,23,500.0,,,,,,,,,1.0935350931798347,0.6,,,,,,,5.667840551832274,0.026832815729997475,256,4.0,0.9080474009608495,,1,546,1,exact,,,2,0.0002051781072075529,,,,0.013689666000573197,35683eaab21a6e4bf3cdab51a2c8c795b4b84a21
dv3-B-lgcp-330347,3,B,lgcp,330347,33,,347,3:2:5:330347,,test,23,500.0,,,,,,,,,1.0935350931798347,0.6,,,,,,,5.667840551832274,0.026832815729997475,256,4.0,0.9080474009608495,,1,494,1,exact,,,2,0.0002051781072075529,,,,0.018943167000543326,c7f807771e515497a445c75f7ea53f738c08fe7b
dv3-B-lgcp-330348,3,B,lgcp,330348,33,,348,3:2:5:330348,,test,23,500.0,,,,,,,,,1.0935350931798347,0.6,,,,,,,5.667840551832274,0.026832815729997475,256,4.0,0.9080474009608495,,1,470,1,exact,,,2,0.0002051781072075529,,,,0.015166375000262633,de954ae18540c5e712fab9a4684c9f53bd772a2b
dv3-B-lgcp-330349,3,B,lgcp,330349,33,,349,3:2:5:330349,,test,23,500.0,,,,,,,,,1.0935350931798347,0.6,,,,,,,5.667840551832274,0.026832815729997475,256,4.0,0.9080474009608495,,1,556,1,exact,,,2,0.0002051781072075529,,,,0.014464541000052122,f4584320d5a7c6ff7cff6c2f601b848341b2ce4d
dv3-B-lgcp-330350,3,B,lgcp,330350,33,,350,3:2:5:330350,,test,23,500.0,,,,,,,,,1.0935350931798347,0.6,,,,,,,5.667840551832274,0.026832815729997475,256,4.0,0.9080474009608495,,1,495,1,exact,,,2,0.0002051781072075529,,,,0.04940175000228919,f280ce84fac1874f6b593fa6500abd43bd1b67e0
dv3-B-lgcp-330351,3,B,lgcp,330351,33,,351,3:2:5:330351,,test,23,500.0,,,,,,,,,1.0935350931798347,0.6,,,,,,,5.667840551832274,0.026832815729997475,256,4.0,0.9080474009608495,,1,598,1,exact,,,2,0.0002051781072075529,,,,0.013802792000205955,727be6e7db987213ef5b09883d90fe90fec8a410
dv3-B-lgcp-330352,3,B,lgcp,330352,33,,352,3:2:5:330352,,test,23,500.0,,,,,,,,,1.0935350931798347,0.6,,,,,,,5.667840551832274,0.026832815729997475,256,4.0,0.9080474009608495,,1,493,1,exact,,,2,0.0002051781072075529,,,,0.01848641700053122,1a87cc0e3a06ed13bab0e1c36393544eeb811595
dv3-B-lgcp-330353,3,B,lgcp,330353,33,,353,3:2:5:330353,,test,23,500.0,,,,,,,,,1.0935350931798347,0.6,,,,,,,5.667840551832274,0.026832815729997475,256,4.0,0.9080474009608495,,1,502,1,exact,,,2,0.0002051781072075529,,,,0.017391708999639377,29dfc43fd3f5b98651231281855ab7ee000cbefb
dv3-B-lgcp-330354,3,B,lgcp,330354,33,,354,3:2:5:330354,,test,23,500.0,,,,,,,,,1.0935350931798347,0.6,,,,,,,5.667840551832274,0.026832815729997475,256,4.0,0.9080474009608495,,1,472,1,exact,,,2,0.0002051781072075529,,,,0.017201834001753014,dc6e3a2dec5fc24b8d2879258272e36ed05502c3
dv3-B-lgcp-330355,3,B,lgcp,330355,33,,355,3:2:5:330355,,test,23,500.0,,,,,,,,,1.0935350931798347,0.6,,,,,,,5.667840551832274,0.026832815729997475,256,4.0,0.9080474009608495,,1,518,1,exact,,,2,0.0002051781072075529,,,,0.016888083002413623,810ffb3e3e10ddfaf78d929f228fd1b306e05353
dv3-B-lgcp-330356,3,B,lgcp,330356,33,,356,3:2:5:330356,,test,23,500.0,,,,,,,,,1.0935350931798347,0.6,,,,,,,5.667840551832274,0.026832815729997475,256,4.0,0.9080474009608495,,1,513,1,exact,,,2,0.0002051781072075529,,,,0.019951375001255656,3cc7085946257d9409961803e2cfdff05f2fd73a
dv3-B-lgcp-330357,3,B,lgcp,330357,33,,357,3:2:5:330357,,test,23,500.0,,,,,,,,,1.0935350931798347,0.6,,,,,,,5.667840551832274,0.026832815729997475,256,4.0,0.9080474009608495,,1,508,1,exact,,,2,0.0002051781072075529,,,,0.014967874998546904,fd40088c68695befa87fd578f8537159c06a2da1
dv3-B-lgcp-330358,3,B,lgcp,330358,33,,358,3:2:5:330358,,test,23,500.0,,,,,,,,,1.0935350931798347,0.6,,,,,,,5.667840551832274,0.026832815729997475,256,4.0,0.9080474009608495,,1,493,1,exact,,,2,0.0002051781072075529,,,,0.013526999999157852,c6b50fb1446b3760bd26787ed2e6b8b894aba46f
dv3-B-lgcp-330359,3,B,lgcp,330359,33,,359,3:2:5:330359,,test,23,500.0,,,,,,,,,1.0935350931798347,0.6,,,,,,,5.667840551832274,0.026832815729997475,256,4.0,0.9080474009608495,,1,566,1,exact,,,2,0.0002051781072075529,,,,0.017089083001337713,e085faf1b1f50923c947bf7eb1cf651fbc4a7a50
dv3-B-lgcp-330360,3,B,lgcp,330360,33,,360,3:2:5:330360,,test,23,500.0,,,,,,,,,1.0935350931798347,0.6,,,,,,,5.667840551832274,0.026832815729997475,256,4.0,0.9080474009608495,,1,543,1,exact,,,2,0.0002051781072075529,,,,0.012231874999997672,d00be516749c4fa9b46342300cbdf809b5c1e64d
dv3-B-lgcp-330361,3,B,lgcp,330361,33,,361,3:2:5:330361,,test,23,500.0,,,,,,,,,1.0935350931798347,0.6,,,,,,,5.667840551832274,0.026832815729997475,256,4.0,0.9080474009608495,,1,517,1,exact,,,2,0.0002051781072075529,,,,0.014529957999911858,c0cd589f9fc2672f7d9bca528c8d4638c54575f6
dv3-B-lgcp-330362,3,B,lgcp,330362,33,,362,3:2:5:330362,,test,23,500.0,,,,,,,,,1.0935350931798347,0.6,,,,,,,5.667840551832274,0.026832815729997475,256,4.0,0.9080474009608495,,1,482,1,exact,,,2,0.0002051781072075529,,,,0.011783250000007683,ffdc40fa0bb6cdd0863bbcad8409a824594cd803
dv3-B-lgcp-330363,3,B,lgcp,330363,33,,363,3:2:5:330363,,test,23,500.0,,,,,,,,,1.0935350931798347,0.6,,,,,,,5.667840551832274,0.026832815729997475,256,4.0,0.9080474009608495,,1,512,1,exact,,,2,0.0002051781072075529,,,,0.013521166998543777,16ceb10e46d3823bc1bb8fa03f07907f30f26cc4
dv3-B-lgcp-330364,3,B,lgcp,330364,33,,364,3:2:5:330364,,test,23,500.0,,,,,,,,,1.0935350931798347,0.6,,,,,,,5.667840551832274,0.026832815729997475,256,4.0,0.9080474009608495,,1,438,1,exact,,,2,0.0002051781072075529,,,,0.013004832999286009,68d87391a3e0b550eca852c9bf8c59bf7f5ec98c
dv3-B-lgcp-330365,3,B,lgcp,330365,33,,365,3:2:5:330365,,test,23,500.0,,,,,,,,,1.0935350931798347,0.6,,,,,,,5.667840551832274,0.026832815729997475,256,4.0,0.9080474009608495,,1,550,1,exact,,,2,0.0002051781072075529,,,,0.018929707999632228,b758494f5c33e665d942002aa5344e754a5e0c56
dv3-B-lgcp-330366,3,B,lgcp,330366,33,,366,3:2:5:330366,,test,23,500.0,,,,,,,,,1.0935350931798347,0.6,,,,,,,5.667840551832274,0.026832815729997475,256,4.0,0.9080474009608495,,1,425,1,exact,,,2,0.0002051781072075529,,,,0.01841558299929602,3cdb7fca3eca2bebd18166219cec7bc2b2dd287e
dv3-B-lgcp-330367,3,B,lgcp,330367,33,,367,3:2:5:330367,,test,23,500.0,,,,,,,,,1.0935350931798347,0.6,,,,,,,5.667840551832274,0.026832815729997475,256,4.0,0.9080474009608495,,1,514,1,exact,,,2,0.0002051781072075529,,,,0.015986624999641208,2a5df006a7072d01f060e325b1e460221f586d41
dv3-B-lgcp-330368,3,B,lgcp,330368,33,,368,3:2:5:330368,,test,23,500.0,,,,,,,,,1.0935350931798347,0.6,,,,,,,5.667840551832274,0.026832815729997475,256,4.0,0.9080474009608495,,1,441,1,exact,,,2,0.0002051781072075529,,,,0.011955416997807333,02d4c940c7177b02a0739935fa08aef967b49d98
dv3-B-lgcp-330369,3,B,lgcp,330369,33,,369,3:2:5:330369,,test,23,500.0,,,,,,,,,1.0935350931798347,0.6,,,,,,,5.667840551832274,0.026832815729997475,256,4.0,0.9080474009608495,,1,512,1,exact,,,2,0.0002051781072075529,,,,0.015986000002158107,ab38bec2f10220fc50cbec7467e714e62fad08c5
dv3-B-lgcp-330370,3,B,lgcp,330370,33,,370,3:2:5:330370,,test,23,500.0,,,,,,,,,1.0935350931798347,0.6,,,,,,,5.667840551832274,0.026832815729997475,256,4.0,0.9080474009608495,,1,437,1,exact,,,2,0.0002051781072075529,,,,0.012449124998965999,e1a8b4cf22f739d8ff3ae9632dcc4fe490cb8e5f
dv3-B-lgcp-330371,3,B,lgcp,330371,33,,371,3:2:5:330371,,test,23,500.0,,,,,,,,,1.0935350931798347,0.6,,,,,,,5.667840551832274,0.026832815729997475,256,4.0,0.9080474009608495,,1,512,1,exact,,,2,0.0002051781072075529,,,,0.01663525000185473,92db70165fce3df18038aaae99fb82dc395b1851
dv3-B-lgcp-330372,3,B,lgcp,330372,33,,372,3:2:5:330372,,test,23,500.0,,,,,,,,,1.0935350931798347,0.6,,,,,,,5.667840551832274,0.026832815729997475,256,4.0,0.9080474009608495,,1,483,1,exact,,,2,0.0002051781072075529,,,,0.015675250000640517,3c51a0c132acd4ad742e204bd33d3ad510bb5fe6
dv3-B-lgcp-330373,3,B,lgcp,330373,33,,373,3:2:5:330373,,test,23,500.0,,,,,,,,,1.0935350931798347,0.6,,,,,,,5.667840551832274,0.026832815729997475,256,4.0,0.9080474009608495,,1,458,1,exact,,,2,0.0002051781072075529,,,,0.01804295900001307,a50cb60b5d298a26d44b36746150feb281a6bd72
dv3-B-lgcp-330374,3,B,lgcp,330374,33,,374,3:2:5:330374,,test,23,500.0,,,,,,,,,1.0935350931798347,0.6,,,,,,,5.667840551832274,0.026832815729997475,256,4.0,0.9080474009608495,,1,492,1,exact,,,2,0.0002051781072075529,,,,0.012233458000991959,b2dafca1d703067ce95947c6d2e6810783b2b057
dv3-B-lgcp-330375,3,B,lgcp,330375,33,,375,3:2:5:330375,,test,23,500.0,,,,,,,,,1.0935350931798347,0.6,,,,,,,5.667840551832274,0.026832815729997475,256,4.0,0.9080474009608495,,1,480,1,exact,,,2,0.0002051781072075529,,,,0.014544875000865432,3e81e78cf55478545c04998f7160d5dff549eb08
dv3-B-lgcp-330376,3,B,lgcp,330376,33,,376,3:2:5:330376,,test,23,500.0,,,,,,,,,1.0935350931798347,0.6,,,,,,,5.667840551832274,0.026832815729997475,256,4.0,0.9080474009608495,,1,559,1,exact,,,2,0.0002051781072075529,,,,0.013519000000087544,bce9f8f0bafaf5b7a77964fc04abb35bbb21f16c
dv3-B-lgcp-330377,3,B,lgcp,330377,33,,377,3:2:5:330377,,test,23,500.0,,,,,,,,,1.0935350931798347,0.6,,,,,,,5.667840551832274,0.026832815729997475,256,4.0,0.9080474009608495,,1,450,1,exact,,,2,0.0002051781072075529,,,,0.01906579099886585,8c3c7a334ee8788a3989f545e171422919593be8
dv3-B-lgcp-330378,3,B,lgcp,330378,33,,378,3:2:5:330378,,test,23,500.0,,,,,,,,,1.0935350931798347,0.6,,,,,,,5.667840551832274,0.026832815729997475,256,4.0,0.9080474009608495,,1,518,1,exact,,,2,0.0002051781072075529,,,,0.016482084000017494,dd7224f1130b14c54cd0b14edbb5c413a6f261fa
dv3-B-lgcp-330379,3,B,lgcp,330379,33,,379,3:2:5:330379,,test,23,500.0,,,,,,,,,1.0935350931798347,0.6,,,,,,,5.667840551832274,0.026832815729997475,256,4.0,0.9080474009608495,,1,567,1,exact,,,2,0.0002051781072075529,,,,0.0158064999995986,6ef7707eb51e7a02daeb65aec7a136671a806408
dv3-B-lgcp-330380,3,B,lgcp,330380,33,,380,3:2:5:330380,,test,23,500.0,,,,,,,,,1.0935350931798347,0.6,,,,,,,5.667840551832274,0.026832815729997475,256,4.0,0.9080474009608495,,1,389,1,exact,,,2,0.0002051781072075529,,,,0.016449041999294423,cb06acfd225b76221f574493f38b7d12a8088093
dv3-B-lgcp-330381,3,B,lgcp,330381,33,,381,3:2:5:330381,,test,23,500.0,,,,,,,,,1.0935350931798347,0.6,,,,,,,5.667840551832274,0.026832815729997475,256,4.0,0.9080474009608495,,1,471,1,exact,,,2,0.0002051781072075529,,,,0.012144874999648891,cc0454959dadfb487ecc8e4771d9d0e7f80aec77
dv3-B-lgcp-330382,3,B,lgcp,330382,33,,382,3:2:5:330382,,test,23,500.0,,,,,,,,,1.0935350931798347,0.6,,,,,,,5.667840551832274,0.026832815729997475,256,4.0,0.9080474009608495,,1,505,1,exact,,,2,0.0002051781072075529,,,,0.01574195899956976,76c2d5932e8263380387273db0e17b4d6083a013
dv3-B-lgcp-330383,3,B,lgcp,330383,33,,383,3:2:5:330383,,test,23,500.0,,,,,,,,,1.0935350931798347,0.6,,,,,,,5.667840551832274,0.026832815729997475,256,4.0,0.9080474009608495,,1,556,1,exact,,,2,0.0002051781072075529,,,,0.01712562499960768,a9dbfe4bc984cffe360d9b07a230d9e34b1511bc
dv3-B-lgcp-330384,3,B,lgcp,330384,33,,384,3:2:5:330384,,test,23,500.0,,,,,,,,,1.0935350931798347,0.6,,,,,,,5.667840551832274,0.026832815729997475,256,4.0,0.9080474009608495,,1,533,1,exact,,,2,0.0002051781072075529,,,,0.012129458998970222,e4ee0fa063dbd8fbb2a53ba849e0adba5ac15528
dv3-B-lgcp-330385,3,B,lgcp,330385,33,,385,3:2:5:330385,,test,23,500.0,,,,,,,,,1.0935350931798347,0.6,,,,,,,5.667840551832274,0.026832815729997475,256,4.0,0.9080474009608495,,1,416,1,exact,,,2,0.0002051781072075529,,,,0.013671042001078604,bbd4b0c7266861374d8ab79694ccffcdde8b33c6
dv3-B-lgcp-330386,3,B,lgcp,330386,33,,386,3:2:5:330386,,test,23,500.0,,,,,,,,,1.0935350931798347,0.6,,,,,,,5.667840551832274,0.026832815729997475,256,4.0,0.9080474009608495,,1,473,1,exact,,,2,0.0002051781072075529,,,,0.015199875000689644,7c608d2729d30ae6adbce7ac7323aba78bf02fac
dv3-B-lgcp-330387,3,B,lgcp,330387,33,,387,3:2:5:330387,,test,23,500.0,,,,,,,,,1.0935350931798347,0.6,,,,,,,5.667840551832274,0.026832815729997475,256,4.0,0.9080474009608495,,1,426,1,exact,,,2,0.0002051781072075529,,,,0.020203833002597094,bf18d476c1f014653bb739251a1e543475fefbba
dv3-B-lgcp-330388,3,B,lgcp,330388,33,,388,3:2:5:330388,,test,23,500.0,,,,,,,,,1.0935350931798347,0.6,,,,,,,5.667840551832274,0.026832815729997475,256,4.0,0.9080474009608495,,1,460,1,exact,,,2,0.0002051781072075529,,,,0.012895249998109648,e31dbcde095df6f3c4c062742a461f0ef147866a
dv3-B-lgcp-330389,3,B,lgcp,330389,33,,389,3:2:5:330389,,test,23,500.0,,,,,,,,,1.0935350931798347,0.6,,,,,,,5.667840551832274,0.026832815729997475,256,4.0,0.9080474009608495,,1,572,1,exact,,,2,0.0002051781072075529,,,,0.031045457999425707,5dd8730f5f50c33542af0bb3260c5766ecb4a0bd
dv3-B-lgcp-330390,3,B,lgcp,330390,33,,390,3:2:5:330390,,test,23,500.0,,,,,,,,,1.0935350931798347,0.6,,,,,,,5.667840551832274,0.026832815729997475,256,4.0,0.9080474009608495,,1,534,1,exact,,,2,0.0002051781072075529,,,,0.014763582999876235,9a7eee6d8521951bdd8a86d97cfcd81e2087764d
dv3-B-lgcp-330391,3,B,lgcp,330391,33,,391,3:2:5:330391,,test,23,500.0,,,,,,,,,1.0935350931798347,0.6,,,,,,,5.667840551832274,0.026832815729997475,256,4.0,0.9080474009608495,,1,517,1,exact,,,2,0.0002051781072075529,,,,0.019808459001069423,22853f00b9105ce33834afad4d57ce70c642cf02
dv3-B-lgcp-330392,3,B,lgcp,330392,33,,392,3:2:5:330392,,test,23,500.0,,,,,,,,,1.0935350931798347,0.6,,,,,,,5.667840551832274,0.026832815729997475,256,4.0,0.9080474009608495,,1,528,1,exact,,,2,0.0002051781072075529,,,,0.01517970900022192,726113e2c82a83fe1ab8706b6fadf434c724d88f
dv3-B-lgcp-330393,3,B,lgcp,330393,33,,393,3:2:5:330393,,test,23,500.0,,,,,,,,,1.0935350931798347,0.6,,,,,,,5.667840551832274,0.026832815729997475,256,4.0,0.9080474009608495,,1,462,1,exact,,,2,0.0002051781072075529,,,,0.013524707999749808,d31348c3746743d09884d7e1f50da71e19d5b271
dv3-B-lgcp-330394,3,B,lgcp,330394,33,,394,3:2:5:330394,,test,23,500.0,,,,,,,,,1.0935350931798347,0.6,,,,,,,5.667840551832274,0.026832815729997475,256,4.0,0.9080474009608495,,1,608,1,exact,,,2,0.0002051781072075529,,,,0.013952667002740782,5743a47a23e3bb565256c14b0a07c87d3a315ca7
dv3-B-lgcp-330395,3,B,lgcp,330395,33,,395,3:2:5:330395,,test,23,500.0,,,,,,,,,1.0935350931798347,0.6,,,,,,,5.667840551832274,0.026832815729997475,256,4.0,0.9080474009608495,,1,500,1,exact,,,2,0.0002051781072075529,,,,0.017387167001288617,c256d6aaf4afb21335fd7f6337122e71411cd12b
dv3-B-lgcp-330396,3,B,lgcp,330396,33,,396,3:2:5:330396,,test,23,500.0,,,,,,,,,1.0935350931798347,0.6,,,,,,,5.667840551832274,0.026832815729997475,256,4.0,0.9080474009608495,,1,475,1,exact,,,2,0.0002051781072075529,,,,0.015931500001897803,9ef9dc6c156d93e058bb9993b635b38a02df78eb
dv3-B-lgcp-330397,3,B,lgcp,330397,33,,397,3:2:5:330397,,test,23,500.0,,,,,,,,,1.0935350931798347,0.6,,,,,,,5.667840551832274,0.026832815729997475,256,4.0,0.9080474009608495,,1,490,1,exact,,,2,0.0002051781072075529,,,,0.01833995799825061,433fc0778301d01930622ac78c84197c62a02575
dv3-B-lgcp-330398,3,B,lgcp,330398,33,,398,3:2:5:330398,,test,23,500.0,,,,,,,,,1.0935350931798347,0.6,,,,,,,5.667840551832274,0.026832815729997475,256,4.0,0.9080474009608495,,1,524,1,exact,,,2,0.0002051781072075529,,,,0.01692012499916018,f7a0bb981e0198b6bbf1f51e2a811922337584e2
dv3-B-lgcp-330399,3,B,lgcp,330399,33,,399,3:2:5:330399,,test,23,500.0,,,,,,,,,1.0935350931798347,0.6,,,,,,,5.667840551832274,0.026832815729997475,256,4.0,0.9080474009608495,,1,546,1,exact,,,2,0.0002051781072075529,,,,0.01985525000054622,c5f31d0b1479d379ac08643c745aac91104b92b5
